618	151	3	891309514
692	249	3	876953681
293	693	4	888906781
472	358	5	892790676
807	501	3	892529358
13	371	3	882399385
814	674	3	885411030
666	200	5	880568465
99	116	2	888469419
450	3	4	882398220
295	735	5	879519556
843	217	4	879443341
95	51	4	879198353
577	399	4	880475269
721	173	5	877138745
840	496	5	891204089
666	284	3	880313523
796	313	4	892610692
303	479	5	879466572
747	596	5	888640437
751	432	4	889134420
405	1035	1	885548877
606	735	5	880926610
417	125	5	879646369
493	168	5	884131143
843	603	2	879446596
96	265	5	884403758
642	13	4	886206806
873	292	5	891392177
327	257	2	887746728
610	1	4	888703157
565	165	4	891037252
851	68	3	875731722
70	229	3	884064269
387	1110	2	886483009
712	378	4	874730370
792	1015	5	877910822
496	743	2	876065190
860	715	4	885991198
586	809	3	884061459
493	182	5	884130971
158	1047	4	880134261
576	125	4	886985177
843	655	3	879447030
268	79	3	875309801
786	588	5	882843039
508	318	4	883767704
326	449	3	879877039
548	343	4	891043547
123	182	4	879872671
779	243	4	875501402
436	204	5	887769209
794	751	3	891034523
747	265	4	888639060
821	64	5	874793649
296	1	5	884196689
593	276	1	875659150
827	331	3	892157376
731	132	3	886182632
592	1184	5	882956551
661	300	3	876036477
393	181	4	887743141
496	288	2	876063810
851	111	3	874767408
862	193	4	879304326
782	1663	2	891499700
815	199	4	878694055
497	393	4	879362858
784	312	3	891387623
628	242	5	880777096
294	1014	2	889242306
817	281	4	874816007
843	208	3	879446716
833	151	4	875036418
342	654	4	875319745
537	970	3	886032184
383	180	5	891192778
592	469	4	882955825
843	288	4	879443544
593	157	3	875671732
864	693	4	888888168
207	11	3	878104245
662	285	5	880571005
176	919	2	886048391
840	169	5	891204215
378	317	5	880056195
506	430	4	874873703
723	1	3	880499050
753	199	5	891401510
307	505	3	879205470
655	860	3	887477386
708	237	5	892719144
168	1	5	884287509
59	466	4	888204389
659	4	3	891383917
305	863	4	886324387
806	923	3	882389080
840	628	4	891209285
828	923	3	891037047
291	631	5	874871479
234	647	3	892826411
145	55	3	875272009
731	480	4	886187652
641	305	5	879369848
561	952	3	885810192
530	100	4	883784058
716	492	3	879795425
535	215	4	879619144
126	353	5	887938392
168	763	2	884288033
727	178	4	883710123
684	435	3	878761717
608	1262	5	880406095
532	226	4	892859148
543	198	4	876896210
392	181	5	891038137
144	248	4	888104032
798	155	3	875639581
758	508	4	881975962
862	168	4	879304526
757	128	3	888466490
393	58	3	887746734
867	135	5	880079065
862	1011	5	879303123
537	26	3	886031913
716	610	4	879795375
826	184	3	885690677
741	215	4	891456615
791	269	4	879447940
753	194	4	891401757
804	925	4	879443946
677	748	4	889399113
795	265	3	881265483
850	8	5	883195055
629	331	3	880116067
486	264	3	879874262
653	510	2	880150040
533	824	1	879366160
118	172	5	875384751
16	100	5	877720437
749	465	4	878847716
637	922	1	882902487
710	720	3	882063649
698	465	3	886367720
748	699	3	879455454
91	205	5	891438947
864	227	4	888889510
262	65	4	879793897
616	346	3	891224558
43	122	2	884029709
545	204	4	879899641
450	717	4	887834953
796	807	2	893047691
291	158	2	875086208
776	135	4	891628656
852	151	4	891036922
299	1258	2	877878451
587	678	2	892871438
523	95	4	883701800
758	605	3	881977057
846	217	4	883950022
880	386	3	880174995
653	357	4	878854383
622	100	5	882590252
561	426	1	885810220
823	71	3	878439008
466	288	4	890284651
13	323	3	882140848
311	570	4	884365890
196	1022	4	881251143
325	530	4	891478376
569	300	3	879793036
796	315	5	892611769
417	162	3	880951886
851	680	3	886534717
878	283	3	880868035
130	188	4	876251895
757	326	3	888443434
650	661	3	891385206
625	286	4	891262561
49	209	5	888068877
92	50	5	875640148
7	9	5	891351432
851	363	4	875730629
665	685	2	884290515
796	218	3	893194607
653	386	1	880152864
561	484	4	885807215
254	441	3	886475831
421	879	4	892241274
828	347	1	891035438
353	301	3	891401992
515	289	1	887660131
709	550	3	879848475
815	250	1	878691779
290	692	5	880474293
684	365	4	878759820
251	7	3	886272146
707	488	4	886286491
608	126	1	880405165
195	748	2	876632518
528	541	3	888520782
833	50	2	875035718
577	143	3	880474635
130	1	5	874953595
194	211	4	879524292
184	56	3	889908657
854	32	4	882813574
730	815	3	880310490
178	222	4	882823857
629	328	3	880116103
714	405	5	892777876
622	866	2	882591484
606	537	2	880925074
435	476	3	884133872
379	257	4	880741811
389	501	5	880087804
792	7	4	877910822
870	642	4	875680258
782	297	3	891500067
690	211	3	881177349
232	4	4	888550130
393	373	4	889731437
880	824	4	880174879
51	50	5	883498685
661	144	5	876016580
473	242	3	878156824
877	31	4	882678483
833	203	5	875124299
763	97	3	878919153
532	107	5	893119415
207	158	3	878191798
828	730	3	891036972
648	563	5	884883679
173	259	3	877557239
841	353	1	889067253
450	557	5	882472306
643	129	5	891445354
112	346	5	891307980
805	472	2	881695040
437	1206	4	881002191
13	382	1	882140624
378	566	3	880045856
711	58	4	879993028
795	1052	3	883255477
524	132	4	884634968
18	382	3	880129595
574	883	4	891279520
498	656	3	881957999
747	50	5	888639060
869	412	5	884493279
880	307	4	892958090
702	229	4	885767775
846	433	4	883948457
655	256	3	887651060
833	328	2	875035534
271	313	4	885844583
746	230	1	885075337
848	204	5	887039078
552	515	3	879221543
642	423	3	885602506
545	405	4	879899380
236	88	2	890116709
595	544	3	886921699
83	240	1	883870084
868	568	1	877107847
655	773	3	887430072
815	215	5	878694820
416	625	5	893212623
627	521	2	879529767
479	546	2	879460305
707	473	4	880060820
664	1101	3	876525002
670	659	5	877974699
807	358	3	892527606
527	511	5	879456248
807	630	4	892529573
478	327	3	889387577
851	742	5	874767519
642	949	1	885605834
848	318	5	887038231
537	52	3	886030891
871	346	3	888192859
878	582	4	880866810
804	584	4	879444964
360	479	4	880356092
792	282	3	877909931
623	211	3	891034814
840	66	3	891209509
210	1028	3	887730931
786	172	5	882843112
336	3	1	877758935
56	441	4	892679163
815	125	5	878692242
655	203	3	887476943
737	156	5	884314693
760	682	3	878530117
362	313	4	885019304
642	843	3	886569682
450	218	4	882397224
314	997	1	877892214
424	1084	5	880859591
846	1044	4	883950820
749	627	2	878848951
786	7	5	882841955
648	1228	3	884883149
532	1092	2	888630838
831	266	3	891354338
790	47	2	885156988
844	553	4	877387242
735	285	4	876698897
435	665	3	884133973
833	657	4	875123986
664	319	4	876523133
829	13	4	881086933
595	293	4	886922069
389	847	4	879915806
839	321	1	875751470
301	481	4	882075827
870	566	2	882123618
257	921	5	883982173
312	612	5	891699263
481	173	4	885828165
813	342	1	883752417
394	22	5	880886919
682	1035	3	888523227
642	94	2	885605909
314	150	4	877886522
447	293	4	878854459
256	732	5	882165067
551	518	4	892783212
826	566	3	885690636
791	319	2	879448086
551	1059	3	892785128
450	223	3	882371732
577	54	4	880474903
292	117	4	881104606
643	276	5	891445354
399	501	2	882346851
334	1074	2	891548979
774	650	1	888556893
830	613	4	891898603
654	332	4	887863081
585	634	4	891285491
435	572	2	884133938
630	988	2	885666301
851	1132	3	875730757
481	479	4	885828619
823	273	3	878437890
862	974	2	879304113
846	231	2	883950711
265	50	2	875320398
823	732	5	878439183
489	890	5	891447990
686	467	5	879547336
291	977	2	874834071
653	94	2	880153494
841	286	5	889066959
880	299	4	892958517
622	206	1	882670899
481	207	3	885828619
535	83	4	879618091
804	1188	2	879446245
237	174	4	879376773
367	443	4	876690119
328	58	4	885046206
450	499	5	882372178
880	398	3	880167965
682	185	4	888520639
665	926	3	884291376
828	903	4	891380167
401	133	4	891032847
262	496	4	879792402
151	4	5	879524922
566	273	5	881650063
334	707	4	891546153
276	80	3	874792237
279	29	2	879573041
62	952	3	879372505
703	235	1	875242885
655	468	3	887427681
200	245	3	884126687
87	451	4	879876448
815	132	5	878695278
787	690	5	888979007
843	578	3	879448604
864	54	4	888891473
830	126	5	892502421
684	225	3	875811341
477	20	4	875941888
498	150	3	881954451
236	370	3	890117353
474	430	3	887925977
345	737	3	884993418
804	222	5	879442591
698	433	4	886366848
401	484	3	891032737
871	174	5	888193176
155	326	2	879371121
407	45	4	875552352
741	475	3	891018152
880	232	4	880167806
399	238	1	882342061
271	51	4	885849386
372	678	4	876869183
37	230	4	880915942
487	66	5	883530484
800	304	3	887645987
165	328	3	879525673
622	41	3	882672060
392	313	5	891037385
694	127	5	875730386
840	117	3	891209408
506	200	4	874873112
417	246	4	879646225
757	566	3	888466490
815	735	5	878695438
825	1117	3	880756402
782	1405	2	891499213
822	333	4	891033747
269	232	1	891450817
632	174	5	879457856
721	179	5	877141038
450	173	5	882371526
642	166	5	885604434
796	717	3	893194862
411	9	4	891035827
252	224	4	891456738
59	472	3	888203482
476	73	4	883364475
870	521	3	875679795
223	259	3	891548920
710	330	3	882063612
752	294	3	891208261
455	8	4	879111345
707	216	3	886286092
685	337	2	879451401
445	79	4	890987742
308	156	4	887738057
474	315	5	887914615
715	128	3	875964300
837	283	5	875722069
833	479	2	875039101
542	172	4	886532265
815	185	3	878693830
804	771	3	879446108
312	740	4	891699568
457	393	3	882548583
695	242	5	888805837
551	26	4	892785056
678	287	3	879544397
749	934	3	878850333
589	873	5	883352600
881	54	4	876539387
690	51	3	881180543
851	238	5	875731330
782	990	3	891499611
181	331	1	878961511
448	319	5	891888099
344	132	4	889814194
655	212	3	887477409
62	271	1	879371909
486	262	1	879874017
689	763	4	876676165
305	197	2	886322758
707	950	2	880061287
588	68	5	890026705
387	7	5	886479528
715	685	3	875962173
635	323	3	878878714
200	1073	3	884129542
429	470	5	882386309
833	512	4	875225257
653	163	4	880151629
844	154	3	877387052
705	79	5	883428028
501	221	3	883348011
648	200	2	884883476
622	423	3	882670121
861	1227	4	881274936
601	56	3	876349577
417	420	4	879648452
832	25	2	888260157
409	428	4	881109175
706	288	3	880996945
747	951	2	888640648
363	143	2	891496667
537	1129	1	886030051
798	819	3	875295930
821	1084	5	874792285
447	55	4	878856573
638	82	2	876694917
738	418	3	875353105
488	1	3	891294896
713	898	3	888882276
212	863	2	879303863
59	655	5	888204642
63	79	3	875748245
498	486	2	881957431
643	65	4	891448786
697	979	5	882622044
721	330	3	877136967
184	473	4	889908133
638	174	5	876694861
495	4	3	888633129
747	1003	1	888733314
863	270	3	889288943
125	202	5	892836523
197	538	3	891409535
848	196	5	887044238
586	655	4	884066294
453	423	4	877554819
376	603	4	879434613
474	286	5	887914646
593	699	4	875671334
881	133	4	876537718
868	581	2	877109748
521	77	3	885254338
374	628	3	880392778
456	4	3	881374849
160	955	4	876862243
535	492	4	879618742
843	102	2	879449177
162	7	3	877635869
764	191	3	876244688
666	520	3	880139562
619	363	2	885954215
215	132	5	891435548
826	294	4	885689918
699	129	4	878882667
405	1073	1	885548578
854	117	3	882812755
833	715	2	875133633
200	79	5	884128499
450	1119	4	882374332
184	403	3	889909746
851	192	4	875731441
880	301	4	880166557
805	420	4	881695560
765	248	2	880346392
804	657	4	879445904
291	291	5	874834054
870	54	2	879714458
846	622	4	883950220
671	27	3	884036050
457	97	5	882397699
231	313	3	888604920
232	690	4	880062259
664	153	4	876526152
786	709	2	882843607
151	663	4	879524268
551	187	5	892776450
650	209	3	891382032
724	272	5	883756996
489	1265	2	891449466
244	153	4	880606069
545	968	5	884134395
691	524	5	875543153
495	380	3	888635339
567	198	5	882425631
92	156	4	875656086
487	1276	2	885239896
836	429	4	885754200
788	162	3	880869787
41	56	4	890687472
694	177	5	875726886
95	99	4	888954699
605	678	1	879366335
92	304	4	888469716
864	1531	3	888890690
798	810	3	875915855
852	546	4	891037245
749	431	5	878848069
865	7	5	880143425
151	56	4	879524879
119	125	5	874775262
781	223	4	879634175
655	1400	3	887427268
694	23	3	875727926
741	273	3	891458066
804	363	4	879446245
642	78	3	886570084
640	170	5	874777583
372	218	5	876869481
42	97	3	881107502
374	789	4	882158609
852	127	4	891035544
758	411	4	881978115
872	258	4	888478698
181	411	3	878963276
416	274	4	893142100
798	87	3	875639680
621	540	3	874964657
536	380	4	882360734
879	300	3	887760802
268	452	1	876514002
847	1050	3	878940618
711	451	5	879994749
658	730	3	875147995
514	202	4	875309414
268	188	4	875309859
501	1081	3	883348703
774	402	2	888556938
145	358	4	875273234
210	832	3	887730264
622	405	4	882590886
738	470	4	875350551
805	648	4	881696729
830	187	2	891464054
178	164	3	882827288
757	288	4	888443307
188	199	4	875071658
405	32	1	885546025
844	228	3	877387858
184	272	4	889907301
803	754	2	880054754
13	111	5	882140588
870	511	3	881001249
871	27	2	888193275
233	614	4	877661437
255	597	4	883216958
257	113	4	879547534
686	48	5	879545180
69	288	5	882027173
693	193	4	875482092
508	1067	4	883767665
719	318	5	879360493
617	447	4	883789386
655	591	3	887426237
782	323	3	891498512
532	931	3	892520696
189	418	3	893266204
524	1126	1	884637409
869	846	2	884492201
767	163	4	891462560
618	187	5	891307098
414	690	4	884999347
200	609	3	884129457
758	484	5	881975814
294	538	5	889241562
773	588	1	888539232
494	286	4	879540508
83	591	4	880306745
196	845	4	881251954
567	100	1	882425791
378	167	4	880333446
286	257	3	875806837
869	310	4	884493279
416	657	5	893214225
545	203	4	880347831
593	366	4	875671255
749	82	5	878848405
82	338	1	884713704
468	699	3	875287686
486	845	4	879874995
717	50	4	884715122
271	707	4	885849140
650	205	4	891370971
564	313	4	888718415
198	518	3	884208876
145	546	3	875271047
249	181	3	879571998
815	135	2	878694493
864	70	4	888888168
608	848	4	880403690
256	44	4	882164893
697	286	4	882621486
693	199	3	883975558
763	5	4	878920895
624	14	5	879792623
823	471	3	878438608
721	457	3	877137214
862	474	5	879304722
758	29	3	882054935
264	235	5	886122952
724	989	1	883757874
90	644	5	891384065
303	588	5	879468459
621	1	3	880227233
698	294	4	886365733
846	520	5	883947960
435	96	5	884131822
398	183	4	875659518
749	480	5	878847328
784	270	3	891387249
707	155	3	886288598
655	135	4	887427083
872	323	2	888480019
90	1203	5	891385466
360	1142	4	880354250
665	699	4	884294374
294	273	3	877819421
264	742	2	886122578
44	427	3	878348547
846	55	5	883948642
604	100	5	883668097
482	346	3	887644022
580	871	4	884125135
833	211	3	875124495
721	69	4	877140282
837	15	3	875721869
188	265	5	875071520
627	1135	3	879530625
537	273	3	886029727
659	49	3	891385438
497	451	2	879310419
11	718	5	891903836
880	791	2	880174961
591	923	4	891031116
550	924	4	883426027
279	1205	3	888461244
267	98	5	878971989
629	111	5	880117689
624	597	3	879793129
836	875	1	885753752
201	17	3	884112581
716	215	5	879796046
709	210	4	879848432
308	661	4	887736532
867	79	4	880079142
206	682	3	888179694
206	332	3	888179602
796	542	3	893219403
200	1217	4	884130014
343	208	4	876404426
862	187	4	879304672
280	750	5	891700185
566	228	2	881650262
619	323	3	885953878
519	680	5	883248595
299	72	3	889503305
60	134	4	883326215
747	558	4	888640046
474	651	5	887927670
855	198	4	879825613
198	405	2	884206428
766	378	4	891310540
843	219	2	879443394
814	590	2	885411749
49	1077	4	888068057
711	255	4	886030579
747	427	5	888732899
653	944	2	880152657
239	208	3	889181015
778	174	4	890725804
519	340	5	883248251
397	50	5	885349955
774	654	2	888558284
849	15	5	879695896
239	238	5	889180747
682	1011	4	888517986
90	198	5	891383204
795	181	4	880557060
703	845	4	875243028
239	1115	2	889180651
621	143	2	874965208
788	579	3	880871804
843	588	2	879447579
394	658	3	880889159
878	642	3	880866971
15	275	4	879455562
21	635	4	874951727
665	100	3	884290349
753	215	5	891402272
158	174	5	880134332
6	497	4	883601088
405	1305	1	885547644
13	751	5	882774081
581	253	5	879642333
568	530	3	877907782
757	474	3	888469045
14	507	4	890881521
421	172	5	892241707
774	373	2	888557557
468	47	5	875301056
417	182	4	879646938
689	328	5	879211479
796	219	4	893218453
301	284	4	882074708
844	690	3	877381230
247	7	4	893081395
851	50	5	891961663
812	326	4	877625294
761	688	2	876189913
346	161	3	874950413
841	272	4	889066780
582	257	3	882961608
864	526	4	888889784
535	195	4	879618288
495	121	5	888633473
653	328	4	884408848
650	22	3	891369707
834	7	4	890862974
867	956	4	880079142
880	651	5	880167695
716	648	4	879796138
815	675	2	878698831
771	313	3	886635643
393	692	3	889554908
823	124	4	878437925
442	979	3	883391344
806	286	3	882384513
442	195	4	883390328
832	245	3	888259984
661	568	4	888301266
514	25	4	875463028
215	204	3	891436129
454	117	3	888267343
815	471	2	878692149
665	147	4	884291057
504	969	4	887838677
712	506	3	874730520
843	515	3	879444801
7	549	4	891353086
312	152	2	891698485
57	930	2	883698039
593	11	4	875660482
829	153	4	887584684
648	357	2	884628534
881	550	3	876539261
846	464	2	883947778
269	775	1	891451571
537	132	3	886031074
727	101	2	883711771
588	162	5	890026339
559	12	3	891034067
788	195	3	880868876
862	214	3	879304834
442	769	1	883391397
878	427	5	880872394
774	559	1	888557715
271	124	4	886105886
505	1039	4	889334004
684	117	4	875810999
697	121	4	882622066
684	82	5	875812227
582	300	3	882960446
537	896	3	886028604
711	168	4	879993318
880	820	3	880167384
1	123	4	875071541
655	724	3	887427600
881	671	3	876537512
452	195	4	875265114
314	412	3	877892052
430	300	3	877225239
854	216	3	882814028
674	151	2	887763274
707	869	1	886289521
522	492	4	876961190
669	879	2	891182703
629	651	5	880117163
295	50	5	879517540
880	295	5	892958887
665	294	2	884289922
655	268	3	887474077
749	385	3	878848272
543	521	4	874865636
872	815	4	888479434
875	334	4	876464800
556	178	5	882136162
193	79	4	889125755
693	651	3	875482548
846	1050	4	883949046
796	186	3	892676114
332	660	3	888098125
500	210	3	883874290
21	358	3	874951616
711	162	5	879994875
484	472	4	891195565
295	83	5	879518257
389	1007	4	879915832
883	7	5	891754985
660	144	3	891199856
455	44	3	879112678
830	403	4	891561806
184	216	4	889908539
45	926	3	881015386
291	172	5	874835062
768	354	3	888798611
554	237	3	876231570
620	147	3	889987299
334	521	4	891548835
10	192	4	877891966
870	171	4	875050698
796	433	2	892675694
186	330	4	891718038
880	769	3	880241492
671	201	3	884204509
432	109	2	889416188
585	83	3	891282808
574	316	4	891279451
524	273	3	884322113
805	661	4	881697713
393	1180	4	889731465
624	831	3	879793545
711	762	3	879991585
750	749	3	879446271
828	960	5	891036568
474	97	5	887924028
753	22	4	891401798
453	550	3	888207161
303	744	3	879467607
495	86	5	888637768
543	702	2	877550399
784	321	3	891387249
592	655	5	882955543
578	272	2	888957735
456	125	4	881372015
561	116	4	885809146
757	173	4	888445604
851	153	3	875806683
804	56	3	879441371
864	11	5	888887502
845	1592	3	885409493
883	144	4	892557605
741	393	2	891040490
880	833	4	880167288
392	463	3	891038946
846	524	3	883947819
774	176	4	888557198
677	268	5	889398907
294	301	4	877818915
378	606	5	880055478
854	237	3	882812406
790	774	4	885156904
128	319	5	879966274
854	15	3	882812451
607	211	5	883879556
739	327	5	886825529
526	276	4	885682477
463	1060	2	889936244
451	874	4	879012684
447	1315	4	878854838
727	434	5	883710717
660	640	1	891201223
593	591	4	877728878
592	149	4	882607910
810	294	5	879895233
553	367	4	879949153
13	239	4	882141752
804	62	4	879445305
92	993	4	890251516
828	313	3	891033342
782	533	2	891500151
416	148	5	893212730
299	207	3	877880394
751	708	4	889298140
42	559	2	881109271
655	729	2	887476031
682	467	3	888517364
680	273	3	877075214
450	229	4	882474001
863	882	4	889289570
833	550	2	887158946
584	161	4	885778170
868	1	4	877103320
666	106	2	880313992
880	80	2	880175050
738	650	3	875351712
877	237	4	882677827
883	68	4	891696957
22	732	4	878886710
678	147	4	879544882
201	895	3	884110702
548	257	5	891044304
769	748	2	885422821
588	181	5	890015608
451	307	4	879012431
835	673	4	891034117
484	28	5	880937193
682	72	3	888521540
807	252	4	893084689
821	100	2	874792285
514	384	3	876067623
58	111	4	884304638
339	503	4	891035093
327	718	4	887745494
245	258	4	888513691
105	269	4	889214193
577	82	4	880474433
666	269	5	880314564
764	1012	4	876244181
502	264	3	883702518
326	505	3	879875271
18	392	3	880130193
882	193	5	879867263
57	194	4	883698272
435	885	3	887509396
397	8	4	885349913
653	81	1	880151651
774	68	3	888557329
804	68	3	879445975
328	302	4	885044380
506	542	3	874873794
85	313	4	884820133
660	290	4	891198549
678	1	5	879544882
796	210	3	892662441
715	161	5	875964905
758	257	5	880672700
847	108	2	878939266
487	596	5	883441956
643	231	2	891450316
757	1273	2	888467187
533	318	5	879438849
757	450	2	888467205
463	283	5	877385287
730	742	3	880310553
716	64	5	879795314
405	731	3	885546202
752	258	3	891207898
835	162	5	891033420
126	266	5	887938392
881	663	5	876538322
457	62	3	882550925
782	296	3	891500109
880	204	5	880174652
622	1078	3	882671160
627	288	3	879529381
68	9	4	876974073
791	288	3	879447907
216	91	4	880235546
229	898	5	891633028
465	132	4	883531325
751	434	4	889297670
846	417	4	883950129
664	326	2	876523225
643	639	4	891447790
768	300	5	883835026
815	202	4	878694341
620	140	4	889988258
833	663	3	875134317
776	760	3	892920241
807	1615	4	893084653
873	258	3	891392818
861	714	4	881274899
119	121	4	874775311
215	272	3	891434619
655	233	3	887611537
804	196	4	879441752
664	162	4	876525764
392	323	3	891037769
840	506	5	891204385
877	270	4	882676054
201	157	4	884113453
81	456	1	876533504
94	1209	2	891723459
747	675	2	888640180
747	526	5	888639642
435	447	3	884132315
592	292	1	882607434
7	615	4	891351585
606	3	5	880922084
779	181	5	875501734
308	853	5	887736797
663	844	2	889492841
234	207	2	892078605
870	134	4	875050697
90	1202	5	891385132
416	240	1	886315446
206	1429	1	888180018
682	1231	2	888522612
823	237	4	878439037
102	841	2	888802319
733	296	2	879535265
457	194	5	882397058
524	449	3	884637245
82	100	5	876311299
779	15	4	875501782
174	709	4	890168554
782	680	1	891498865
127	258	5	884364017
615	638	5	879447968
643	28	4	891448002
884	116	4	876858914
798	493	3	875638514
491	286	4	891184567
479	294	3	879459578
749	541	3	878850825
882	616	4	879879807
509	307	2	883590729
463	880	4	890452525
754	595	2	879452073
790	660	3	885156904
424	15	4	880859722
864	775	1	888891473
782	1007	3	891500067
164	678	4	889401432
861	949	4	881274937
782	1652	1	891500230
561	475	3	885807393
363	47	5	891496264
706	756	4	880997412
481	70	5	885828389
880	841	3	880167411
749	358	3	878846422
256	1033	4	882152838
629	504	4	880117719
775	345	5	891032895
81	475	5	876533504
206	242	3	888180049
606	179	5	880927552
537	48	4	886030805
807	751	3	892527467
393	731	3	889730227
26	841	2	891380200
176	268	5	886046979
479	1028	1	879460192
38	243	3	892429095
825	174	5	881101782
495	796	4	888637070
669	50	5	891517215
747	15	4	888639780
833	93	4	875036056
336	959	3	877758138
823	222	3	878438179
709	282	5	879847945
639	747	3	891239528
770	151	5	875973080
552	410	3	879222070
666	613	5	880139295
821	405	4	874793022
881	1118	3	876538131
85	697	3	879829471
145	925	4	875271047
774	712	1	888556169
731	204	4	886184682
149	272	3	883512591
810	333	5	886614819
805	197	5	881696671
497	189	4	879309993
95	420	4	888956001
666	111	3	880313523
642	1066	3	885606608
258	328	3	885700877
705	318	5	883518731
476	579	2	883365385
703	9	2	875242814
664	631	4	876525077
751	257	4	889132542
738	177	4	892958051
326	135	3	879875852
13	491	4	882140166
59	451	5	888206049
796	448	4	893218485
823	240	3	878438119
834	292	5	890860566
883	129	5	891755088
353	343	2	891402636
776	706	3	892920480
435	307	5	884130744
757	181	3	888444314
644	988	4	889076475
788	429	3	880868919
537	98	3	886030583
187	241	3	879465858
201	134	4	884113772
749	1274	2	878850212
752	301	4	891208077
745	124	5	880122775
222	246	4	877563597
405	543	1	885549407
555	25	4	879963127
707	719	3	886288189
707	58	3	886285907
442	228	5	883390366
642	1030	4	886570173
826	1091	3	885690379
551	1039	4	892777013
393	996	3	889731139
698	654	1	886367586
881	180	5	876538063
268	358	3	876513643
686	56	5	879546147
487	713	4	883444631
865	825	1	880144123
755	748	4	882570141
209	9	3	883417547
711	676	5	876185812
714	1016	5	892777876
655	270	4	887650943
883	727	3	891696750
727	729	2	883711720
838	24	4	887064231
417	211	4	880949907
748	69	4	879454849
833	159	2	879818659
447	233	4	878856526
705	228	3	883428109
330	225	4	876544507
654	249	5	887863866
883	83	3	891693200
835	458	4	891032869
596	276	3	883539431
567	136	5	882426210
537	387	4	886031860
457	288	4	882392853
537	566	2	886032183
859	249	5	885775086
748	692	3	879455410
652	288	2	882566890
828	246	2	893186163
721	303	3	877137285
660	366	1	891405958
667	272	5	891034404
639	702	2	891240868
878	692	4	880869191
843	474	3	879445738
472	416	3	875982867
774	230	2	888557237
343	408	5	876403121
861	289	5	881274504
805	537	5	881703643
312	606	5	891698300
770	678	2	875971655
711	240	1	879991425
811	690	5	886377248
778	197	4	891232569
643	204	3	891447901
64	111	4	889739975
815	99	4	878694665
770	7	5	875972185
189	503	3	893266137
648	477	3	882211585
370	100	4	879435369
141	1023	4	884585274
815	94	3	878697705
833	98	3	875123359
399	66	3	882343171
92	38	3	875657640
654	336	3	887863227
334	196	4	891547128
830	790	1	891899476
537	15	3	886030051
628	326	5	880777095
650	157	3	891382960
500	94	2	883877023
620	706	3	889987706
838	276	4	887064825
851	304	3	877831020
847	658	3	878940855
650	54	2	891385876
848	419	5	887043421
883	749	3	891695490
861	52	5	881274718
332	117	4	887916575
184	487	4	889908571
510	245	3	887667574
865	929	2	880144539
450	704	3	882372178
848	185	3	887037861
456	127	5	881373019
642	832	3	892240991
620	145	5	889987682
770	331	3	875971703
474	66	4	887926437
798	231	2	875638817
738	926	3	875350456
805	88	2	881696876
70	473	3	884066399
244	114	4	880603219
350	480	5	882345918
583	530	4	879384404
830	99	3	891561474
405	33	1	885547360
406	528	4	879446361
207	64	5	877846793
833	111	2	875134110
753	211	4	891402240
707	1008	3	880060460
716	197	5	879794962
425	540	2	878738486
618	118	3	891309004
741	401	3	891457483
728	100	5	879443321
58	1070	4	884304936
877	949	3	882677440
825	595	3	889021134
457	204	5	882397699
757	31	4	888445570
792	471	4	877910822
848	423	4	887038197
357	932	4	878952341
492	56	5	879969878
360	521	5	880355845
811	258	5	886377311
790	849	4	885157205
886	4	3	876031601
562	127	5	879196401
743	289	3	881277357
715	546	4	875962076
828	302	4	891380166
608	865	4	880403537
708	1280	1	892718819
808	271	3	883949602
250	28	4	878090153
593	97	4	877728878
659	215	4	891385258
655	325	2	887425197
674	252	2	887763151
442	988	1	883388064
589	689	4	883352787
807	71	5	892530705
215	226	4	891436633
624	257	3	879793269
128	501	3	879968921
771	197	1	880659919
668	272	5	890349005
611	347	4	891636244
116	640	3	876453560
806	14	3	882385394
843	402	2	879447599
254	168	1	886472400
663	455	2	889492679
864	716	2	888889744
804	10	4	879442298
733	137	5	879535406
683	754	3	893284184
862	198	5	879304484
693	708	3	875483049
880	54	3	880242503
601	1063	3	876350340
560	122	3	879977081
747	97	5	888640437
776	848	2	892210321
64	625	3	889740286
537	694	4	886031407
617	615	3	883789294
104	286	1	888442304
837	289	5	875721539
453	476	3	890939266
487	591	2	883444462
804	932	3	879444077
877	271	4	882676507
790	282	4	884461590
693	127	4	875482056
727	1076	2	883712632
599	872	2	880951046
330	21	5	876544953
605	14	5	879427619
129	1176	4	883244059
788	58	4	880868355
868	91	3	877107817
846	53	3	883950820
144	9	5	888104191
881	204	4	876538506
256	591	5	882151017
862	526	4	879304623
470	258	4	879178216
796	564	1	893194929
846	216	4	883948571
791	300	5	879447977
541	526	4	883865088
805	952	5	881704553
756	566	4	874830168
717	826	2	884642868
663	1	4	889492679
429	1118	4	882385902
308	471	3	887739382
694	523	4	875727877
715	40	1	875964681
878	511	4	880866810
812	358	3	877625461
535	30	4	879617531
581	276	3	879641850
862	216	5	879304410
113	222	3	875076872
659	1203	4	891385258
711	281	3	879995362
881	559	2	876539220
83	751	3	883869440
770	358	3	875971655
236	199	4	890118307
458	28	3	886396005
846	86	5	883949290
168	473	2	884288178
805	382	4	881698258
290	825	3	880732508
181	303	1	878961749
833	640	3	875123986
610	582	4	888703749
178	31	4	882827083
642	422	3	885606608
560	278	1	879976892
851	1016	5	891961664
682	233	2	888520864
299	313	3	887135516
868	89	4	877107446
832	328	3	888259020
579	88	4	880952440
663	1086	3	889492959
222	470	3	878181869
757	229	3	888466652
828	10	3	891035970
735	475	4	876698570
562	132	4	879195721
354	19	5	891216549
531	300	4	887048862
425	912	2	891986392
810	313	5	885406451
149	258	3	883512658
274	318	5	878946577
666	505	4	880139526
299	244	2	877878001
28	229	2	881961393
454	610	3	881959576
863	352	1	889289491
405	854	1	885547222
695	991	5	888806011
662	1380	2	880570952
820	748	1	887955223
833	53	1	875224039
606	508	4	878147350
884	70	4	876859208
472	24	5	892791017
145	821	3	875272833
880	50	5	880167175
806	186	4	882387925
520	690	5	885168677
525	472	2	881086012
457	248	4	882393008
807	1063	4	892529112
92	546	2	875640512
664	22	2	876524731
795	554	3	883254802
222	717	1	877563716
22	4	5	878886571
320	1047	4	884748733
363	1215	1	891498920
296	7	5	884196896
824	991	3	877021121
434	225	4	886724453
844	1474	4	877387195
617	179	4	883789386
712	102	4	874956543
753	322	3	891401167
137	289	3	881432671
268	218	2	875744469
798	1270	3	875915190
505	692	3	889334583
534	331	4	877807429
854	1077	3	882813907
864	134	5	888887013
749	88	4	878849534
535	708	5	879618777
354	209	3	891218155
802	687	3	875984722
862	181	5	879305143
543	1199	2	877542776
455	237	3	879109923
495	232	5	888635202
640	70	4	874778065
821	15	5	874792835
293	152	4	888905716
593	200	5	875661567
843	193	3	879446863
711	1446	2	879994608
761	127	3	876190025
243	111	4	879987793
200	378	5	884129301
859	276	4	885776056
458	187	5	886398543
567	195	3	882426782
503	213	5	880383030
711	219	2	879995792
514	50	5	875462466
692	328	4	876953340
716	102	2	879797256
457	401	3	882550654
594	483	3	874786695
851	31	4	875807058
740	286	5	879523187
194	179	4	879521329
423	322	3	891395020
87	188	4	879875818
249	144	4	879572567
343	555	1	876407706
308	200	5	887738933
866	321	3	891221302
409	14	5	881107992
788	200	4	880869075
782	268	3	891497854
380	729	3	885479252
424	1	1	880859493
94	1045	4	891721815
87	801	3	879876768
316	192	1	880854267
299	435	3	877881061
851	772	3	875807019
213	55	5	878955680
747	481	5	888639525
697	876	3	882621595
587	880	3	892871536
749	110	2	878850703
537	713	3	886030177
742	13	4	881335361
864	219	4	888889129
778	161	3	890727175
637	275	3	882903191
450	416	5	882395779
664	276	5	876524053
292	115	4	881104194
747	923	5	888639939
747	428	3	888640046
343	510	5	876408139
146	327	3	891457905
846	659	5	883948908
586	566	3	884062621
805	550	3	881694854
640	354	4	888262331
847	225	1	878775647
796	233	4	893048471
405	1062	1	885549904
735	124	5	876698643
682	58	3	888517627
514	587	4	880210105
704	497	3	891397764
717	846	4	884642339
345	744	4	884991348
796	2	5	893048377
579	169	4	880951867
486	995	4	879874388
597	1	3	875339723
838	249	4	887064315
445	302	1	891199195
43	169	5	875981128
769	831	1	885424534
504	526	3	887838624
561	50	3	885807429
744	23	4	881171420
425	355	3	890346705
749	484	5	881073043
666	709	4	880314144
709	628	3	879847000
435	790	4	884133818
488	527	3	891294473
807	505	3	892528110
71	514	4	877319567
291	773	3	874834827
624	24	3	879793380
733	129	2	879535299
561	286	4	885806710
880	181	5	880166719
50	547	4	877052297
207	316	5	891759050
659	13	4	891331361
880	783	1	880175187
347	137	2	881652568
111	321	3	891680076
42	86	3	881107880
393	298	4	887743453
717	1137	5	884642580
793	815	3	875103901
713	362	1	888882040
886	175	4	876031550
880	508	4	880166966
385	47	4	879441982
424	882	3	880858829
880	721	1	880174749
482	288	3	887644023
634	127	5	877018347
804	1285	2	879445766
343	235	4	876403078
749	1051	3	878846676
655	1257	3	887433685
854	289	2	882811962
684	376	3	878762273
56	280	4	892683913
871	1197	3	888193136
758	1052	5	882055497
7	610	5	891353086
805	343	5	881684185
294	286	5	877818457
640	338	5	886353852
486	924	3	879875069
423	282	4	891395448
882	409	4	879863031
668	538	5	881523787
757	210	4	888445570
339	145	3	891036557
398	56	4	875659843
222	455	3	877563437
548	203	5	891044446
433	358	2	880585554
871	1119	3	888193384
758	183	5	882055987
883	135	4	891717319
630	252	2	885667464
280	619	4	891701913
838	1005	4	887066678
675	1007	4	889489522
632	168	4	879457248
736	1388	5	878709365
207	692	3	877750738
865	597	1	880144368
751	3	3	889299391
679	531	4	884487153
833	28	3	875135213
591	25	4	891039658
807	633	4	892529401
523	412	3	883702351
721	581	2	877141373
392	663	4	891039049
805	455	4	881694854
332	840	4	887938781
833	518	3	875039100
201	58	4	884140488
284	270	3	885328906
243	283	3	879987362
773	792	4	888539471
640	304	4	876067605
595	325	3	886920774
509	343	3	883591319
280	218	4	891701474
222	356	4	878184571
201	268	4	884110637
516	431	3	891290649
300	294	3	875649995
655	730	2	890497653
705	22	5	883427988
502	261	2	883702945
650	1035	2	891389132
618	609	4	891309440
540	220	3	882157820
230	162	4	880484587
486	1379	3	879874515
863	902	5	889289456
790	722	3	885157686
763	961	5	878919083
505	1409	3	889333974
779	300	3	875501300
525	257	4	881085739
303	1407	1	879544063
611	752	5	891636223
26	475	3	891350826
592	1048	3	882608625
268	718	4	875306805
758	122	4	881980408
749	257	3	878846957
303	73	3	879484918
537	1084	3	886030050
880	755	3	880242848
529	749	4	882535466
189	742	3	893264270
837	237	3	875721793
297	28	4	875239913
758	489	5	881975687
495	120	5	888637768
864	892	3	887686497
747	71	5	888639102
880	1016	4	880167223
167	493	4	892738307
727	431	4	883711045
338	498	4	879438250
279	1072	4	890780735
860	303	3	876074139
790	111	3	884461849
766	208	5	891309810
749	523	4	878847285
538	4	3	877107726
846	132	5	883948840
328	689	5	885044733
207	871	5	880839802
514	648	3	886189869
877	515	5	882677640
866	306	4	891221165
670	949	2	877974465
790	358	2	885154848
325	1018	3	891479038
796	873	3	892874827
77	173	5	884752689
512	258	3	888578768
883	407	3	892557605
291	774	3	874867852
145	155	2	875272871
44	109	3	878346431
690	684	4	881179938
716	965	2	879797504
851	109	4	875730379
823	196	5	878439211
414	748	3	884999147
373	645	5	877098599
711	1115	4	876185812
868	448	2	877110401
846	83	4	883947911
429	214	3	882384526
447	866	2	878855082
18	143	4	880131474
884	275	4	876857845
537	924	3	886030254
495	94	3	888636992
877	274	4	882678105
782	948	2	891499699
823	140	3	878438332
843	121	3	879444047
642	202	3	885842351
854	405	4	882812755
883	867	5	891695588
846	1168	4	883950569
745	507	1	880123335
796	810	3	893048622
332	431	5	888360412
405	47	5	885545429
764	14	4	876752116
758	420	3	882053499
738	229	3	875351906
270	86	4	876955067
648	423	4	884368442
198	447	4	884209188
450	417	4	882376365
514	49	2	886189676
666	222	3	880313423
532	186	4	891910189
870	48	4	875050603
568	224	4	877907236
621	80	4	874963126
650	402	3	891383272
620	623	4	889988232
301	429	4	882076072
380	228	3	885479235
417	723	5	879648938
716	946	2	879796718
885	1311	2	885714582
378	1438	3	880333098
864	22	5	888888937
743	338	1	881277800
92	408	4	876175704
398	692	4	875717020
468	216	5	875288771
843	97	3	879447377
286	821	4	877534550
354	305	4	891180489
624	15	4	879793330
151	125	4	879542939
708	596	4	877326158
643	566	3	891449476
840	462	3	891205287
499	486	3	885599598
587	243	3	892871401
70	820	1	884152379
741	290	3	891457956
543	22	3	877545230
655	789	3	887473879
742	15	4	881335461
748	517	3	879455083
883	72	4	891694431
665	432	4	884294025
557	268	5	881179653
541	542	1	884046888
645	268	4	892051811
643	356	4	891448218
648	831	1	882212131
291	1248	4	875087634
617	670	1	883789590
854	1197	3	882812263
653	258	3	886051833
871	177	5	888193336
82	87	3	878769598
793	1187	2	875104167
56	410	4	892911348
59	151	5	888203053
864	722	2	888892091
833	675	4	875224252
437	79	4	880143855
472	161	5	875982149
738	89	5	892844112
840	497	4	891209571
699	880	3	893140941
100	895	2	891375212
130	196	5	875801695
804	702	2	879447476
849	288	5	879695056
648	484	5	884368442
637	866	3	882905285
534	475	4	877807747
860	211	3	885990998
884	9	5	876858820
75	460	5	884050829
868	160	4	877104414
435	230	3	884132809
487	48	2	883445540
704	347	4	891397015
716	81	4	879796475
665	423	4	884294611
711	845	4	879991247
870	663	3	879540005
746	144	5	885075211
383	479	4	891192985
554	31	4	876369085
655	1265	3	887425025
778	234	3	890726231
848	209	5	887038397
676	22	5	892686606
854	268	3	882811865
622	204	3	882592559
655	55	2	887429302
826	820	3	885690250
428	886	4	885943651
774	758	1	888559036
879	237	4	887761309
660	239	2	891200989
618	582	4	891309217
398	196	4	875746951
796	197	3	892676231
436	1028	4	887770693
303	564	1	879485447
643	505	4	891447260
275	164	4	880313886
840	945	3	891204509
422	867	3	878059137
200	951	5	884130014
297	498	3	875239018
666	133	3	880139439
885	210	5	885713544
699	978	4	886568066
821	132	5	874793898
846	708	3	883948685
727	636	3	883711616
535	496	5	879618246
883	516	4	891694372
682	67	4	888523581
672	269	3	879787460
884	269	5	876857704
727	1042	2	883712068
505	568	4	889333466
882	515	5	879865307
788	271	3	880867855
92	452	2	875906828
399	9	3	882510018
656	270	3	892318676
429	411	3	882386848
250	234	3	878091736
881	601	5	876539186
655	786	2	887472965
727	928	3	883709802
707	135	2	886286032
872	106	3	888479624
682	217	4	888523581
327	184	3	887820341
827	272	4	884213984
95	1116	4	888956137
450	483	3	882371826
692	294	3	876946833
690	496	4	881179222
824	321	2	877021002
788	56	3	880868235
805	142	4	881705843
84	477	4	883452307
593	255	5	875659055
764	696	3	876243465
566	170	5	881650739
885	405	4	885715691
731	320	1	886186811
798	62	4	875915855
871	895	3	888192689
130	95	5	875216867
682	1084	2	888518164
889	72	3	880181317
566	419	2	881650907
751	785	4	889298010
721	111	4	877154765
564	1034	3	888730838
102	751	3	885100000
830	50	5	891561606
201	211	3	884112840
852	597	3	891037562
25	173	4	885852969
243	285	5	879989217
870	42	2	879270213
138	209	4	879023948
642	942	4	886207151
788	432	1	880869323
519	328	2	883248251
747	216	2	888639060
851	10	3	875730030
592	885	2	887257199
615	678	1	879447713
465	100	3	883532119
286	1101	5	877532715
717	597	4	884642710
889	659	4	880178367
409	485	2	881107155
862	230	3	879305273
222	575	3	881060550
298	210	5	884182891
303	595	2	879484421
399	241	4	882342866
755	327	2	882569801
591	196	4	891031116
786	418	4	882843352
488	182	3	891293734
617	170	1	883788929
843	1411	3	879449377
397	318	4	885349610
624	473	3	879793093
710	268	4	882063276
664	191	3	876523833
782	258	4	891497906
648	112	2	884367366
577	173	5	880472055
339	167	4	891036058
645	664	4	892054402
838	385	4	887067127
749	571	3	878850456
813	877	1	883752331
279	364	4	891209077
504	240	1	887832012
669	1	5	892549412
647	231	4	876533657
833	444	3	875224352
181	122	2	878963276
126	678	3	887855283
515	905	2	887660131
676	1483	4	892685826
600	385	3	888451582
847	473	2	878938855
391	76	3	877399618
698	511	2	886367693
804	528	4	879443048
536	141	4	882361042
804	1074	1	879447476
497	472	3	879310650
385	1014	2	879450441
230	22	5	880484850
792	100	4	877910822
774	2	1	888557383
8	11	3	879362233
590	237	3	879438911
537	96	3	886031576
102	294	2	883277645
863	333	5	889289123
48	215	4	879434751
889	134	4	880179648
647	88	4	876534041
886	819	4	876033897
860	514	5	885991040
109	282	3	880564678
535	499	4	879617894
601	508	4	876346964
798	444	2	875639115
622	674	2	882670929
761	291	3	876190770
838	179	5	887067340
601	591	3	876347267
865	245	3	880235263
772	288	2	889028773
386	127	5	877654961
552	1047	3	879222521
642	1047	3	885606327
423	678	3	891395020
889	160	4	880180945
852	289	2	891035325
878	949	3	880871600
334	73	3	891548695
378	707	3	880046475
288	269	5	886373071
592	48	5	882955735
382	482	5	875946945
201	1267	3	884141053
59	89	5	888204965
766	212	5	891310125
203	890	2	880433499
771	709	5	880659894
768	628	3	880136174
845	313	4	885409374
676	168	5	892686459
863	315	5	889288910
15	125	5	879456049
699	1013	3	879147722
854	382	4	882813761
545	194	3	879899677
881	790	3	876539549
787	880	3	888979123
435	928	3	884134187
862	147	5	879304196
561	428	4	885810084
622	70	3	882670562
774	515	2	888556398
416	1189	5	893213917
836	496	4	885754231
698	625	3	886366731
488	526	4	891294530
787	342	2	888979875
659	69	3	891384916
474	607	4	887926872
889	654	3	880178512
532	431	5	892521553
747	347	5	888638091
552	294	4	879220688
505	190	4	889333598
786	69	4	882844295
459	676	3	879563288
313	238	4	891013859
604	443	3	883668352
868	1035	1	877107817
774	577	2	888556278
409	879	1	881105366
347	177	5	881654386
747	409	1	888733595
621	686	5	880739852
409	714	3	881108170
699	1011	4	880696196
537	230	2	886031860
749	133	4	878849052
704	632	3	891397441
425	879	2	878737593
436	506	5	887770485
59	69	5	888205087
788	823	3	880871294
244	214	5	880603219
592	93	4	882608061
551	71	4	892783281
233	89	3	875508225
566	191	4	881649853
387	475	3	886480657
782	1226	2	891499439
452	530	3	875562062
712	433	3	874956903
581	515	4	879641533
694	521	3	875730042
22	127	5	878887869
385	1495	3	879443186
807	380	4	893080442
363	65	4	891495682
609	877	5	886895649
831	100	4	891354573
782	1105	3	891498766
610	283	3	888703316
886	781	4	876033340
621	183	4	874963594
532	520	5	892861434
749	496	5	878847673
782	989	3	891498267
659	134	4	891332189
474	657	5	887924028
270	268	5	876953745
889	65	4	880180817
870	568	4	879714588
879	282	4	887761865
762	875	5	878718996
450	505	5	882376658
707	536	3	880059921
862	1093	5	879304196
638	685	4	876695307
848	151	4	887043180
429	88	3	882386895
740	294	4	879523187
868	265	3	877108302
806	485	5	882388381
731	588	3	886184682
399	1396	4	882343455
828	1153	3	891037948
764	173	3	876245383
666	319	4	880138999
290	135	4	880474510
214	960	2	891544152
334	258	4	891544264
577	64	5	880474394
177	324	4	880130434
402	9	4	876266741
413	147	2	879969860
684	274	2	878759884
679	143	2	884487135
615	216	4	879449068
632	50	5	879459738
542	871	2	886533142
694	1221	3	875728842
663	872	3	889491919
561	474	5	885807318
361	176	4	879441215
720	1176	5	891262812
489	750	5	891448080
837	13	4	875721843
823	433	4	878438379
296	181	5	884198772
829	237	3	891204271
592	178	5	882956241
848	234	4	887037861
862	491	3	879304799
405	446	1	885548385
885	428	4	885713461
877	286	2	882675993
486	1598	5	879874583
773	217	3	888540314
436	1053	4	887771853
889	58	3	880178130
716	473	4	879794379
477	294	4	875940693
847	926	1	878938792
774	56	2	888555928
23	522	4	874785447
345	118	3	884991520
735	106	3	876698714
884	322	3	876857745
582	1033	2	882962030
675	891	2	889488779
435	22	4	884131156
766	1126	4	891309767
846	398	1	883950753
215	552	3	891436730
244	1467	5	880605553
739	1431	5	886825529
886	68	3	876032422
378	381	4	882642831
459	651	3	879564309
748	222	4	879454707
457	183	5	882397455
802	672	3	875985767
805	167	3	881705534
650	420	3	891385826
179	1234	1	892151459
883	239	3	891694401
654	239	4	887864868
878	172	4	880870854
892	134	5	886608591
44	133	4	878347569
848	1118	5	887048573
328	720	3	885049535
580	15	3	884125339
234	238	3	892079040
867	96	5	880078656
298	333	5	884126600
497	12	4	879362019
789	293	4	880332259
709	405	3	879848590
151	44	4	879542413
380	515	4	885478218
527	603	4	879456078
758	546	3	882053613
805	174	3	881694798
789	9	5	880332114
768	591	4	883834945
857	300	3	883432251
643	98	3	891446688
694	492	4	875727581
483	257	2	878952519
712	1053	4	874730490
828	286	4	891033342
872	597	4	888479370
263	520	3	891298163
577	7	2	880470447
650	316	3	891369190
843	23	2	879446696
458	736	4	886398543
271	48	4	885849087
850	300	5	883194367
758	547	5	881975472
383	478	5	891193042
567	246	4	882426508
763	209	4	878918213
518	106	5	876823804
661	433	5	876016545
796	487	5	892676195
393	463	4	889555225
532	82	5	892521554
313	514	4	891013887
256	595	4	882164037
862	64	5	879304326
630	310	3	885665975
850	210	5	883195301
804	679	4	879445393
413	286	5	879968793
339	170	5	891032286
450	528	5	882371526
881	1124	4	876538627
833	696	3	875036912
566	122	2	881651583
292	486	4	881105246
880	228	3	880167843
326	53	1	879877039
557	337	5	881179653
663	1009	3	889493069
489	339	3	891448428
267	715	4	878972682
743	303	5	881277357
868	73	1	877108220
886	147	5	876033228
436	72	5	887770693
524	216	5	884634849
154	222	2	879138910
251	535	3	886272283
890	118	2	882915661
787	245	3	888980193
334	244	3	891545044
600	679	2	888451839
561	1018	3	885809806
851	588	4	875731529
892	273	4	886608681
798	953	2	875639290
833	628	4	875036102
886	235	3	876032739
491	237	3	891187226
457	51	5	882397734
178	246	4	884837324
592	1143	5	882607872
401	371	3	891033550
676	9	2	892686134
128	381	3	879969033
699	1028	2	880696678
870	255	2	889409590
618	735	3	891308571
234	663	4	892335707
327	684	4	887820293
889	168	4	880178449
354	735	3	891218312
534	243	3	877807461
643	114	4	891446854
80	483	5	887401328
435	1291	1	884134853
224	980	1	888104353
522	11	4	876961076
889	762	3	880177154
823	53	5	878439229
739	661	2	886958831
889	246	4	880176926
669	194	3	891517159
792	1197	4	877910822
881	441	2	876539549
773	531	5	888538853
893	56	5	874829733
843	625	2	879448542
825	275	3	881100775
692	763	3	876954381
757	232	3	888466435
825	122	1	889021209
798	66	3	875639364
452	237	2	875263068
747	73	4	888640305
440	340	2	891549397
290	405	2	880732365
625	254	3	891273897
885	1	5	885714990
650	137	3	891385105
838	96	4	887065781
841	754	4	889067045
783	264	4	884326726
887	931	3	881379009
592	544	4	882608107
613	632	3	891227204
886	233	3	876032126
826	288	3	885689759
863	1024	3	889289619
615	509	4	879448149
727	174	4	883710186
843	674	2	879443394
489	324	3	891445320
781	205	5	879634256
756	1	4	874826629
655	653	3	892011201
854	505	4	882813600
848	755	5	887046674
314	132	4	877890644
859	421	5	885776384
882	204	5	879864697
650	380	2	891383735
526	277	2	885682657
269	135	4	891447931
881	13	4	876536364
848	172	5	887038022
537	76	3	886031934
851	307	4	878574215
664	528	5	876523833
130	453	3	880396602
663	123	3	889492562
542	235	3	886533228
648	619	3	882211301
854	223	4	882814177
798	163	3	875814110
883	224	4	891692683
891	546	3	883489282
894	15	3	880416340
758	294	5	880672523
321	197	5	879439812
868	358	2	877103098
347	174	4	881654248
113	127	4	875935610
867	174	5	880078991
798	173	5	875656071
886	160	1	876031550
392	300	2	891037437
399	99	3	882344269
192	100	5	881367706
634	331	4	875728702
771	1129	5	880660106
821	213	5	874793806
87	94	4	879876703
90	1045	2	891385843
751	193	5	889133556
174	1311	3	886514430
741	673	4	891455671
655	49	1	887428417
593	471	3	875659826
805	86	4	881696729
758	123	1	881977872
854	86	3	882814436
747	1456	3	888732747
608	269	3	880402272
437	170	5	880140787
524	815	3	884627519
314	722	1	877891089
630	240	3	885667200
868	109	3	877107627
660	491	4	891199348
783	269	4	884326274
145	636	4	875272050
805	101	2	881695591
412	24	3	879717177
463	887	5	890452468
617	646	4	883789386
724	682	1	883757703
653	70	2	880151340
453	204	4	877554704
555	340	4	879962096
454	193	2	881959818
893	147	3	874828569
500	77	3	883875793
805	212	3	881696729
642	1146	1	886570084
792	831	2	877910666
810	331	4	891873686
630	735	2	885668231
749	87	4	878849558
892	781	4	886610137
889	819	2	880177738
829	213	4	881698933
766	639	3	891309622
804	1028	3	879445556
868	183	5	877104414
286	931	4	876522340
846	180	5	883947630
846	317	3	883947778
880	1291	3	880175468
664	50	5	878090415
666	286	5	880138999
7	573	5	891353828
492	221	3	879969454
22	926	1	878887062
894	888	4	879896756
354	83	4	891217851
883	665	4	891695717
798	795	3	876176160
435	571	2	884134047
894	405	3	880416177
860	294	2	880829225
551	7	5	892777638
805	771	5	881695999
578	222	4	888957788
661	71	4	876015530
215	87	5	891436543
796	198	4	892662871
754	359	3	879451299
870	603	5	875050723
69	172	5	882145548
65	64	5	879216529
405	198	2	885549506
383	58	4	891193210
716	265	5	879797414
566	110	1	881651813
854	1086	3	882812195
881	89	4	876537577
847	372	5	878940189
752	306	5	891208451
95	381	4	880571678
561	209	4	885807369
601	405	1	876347765
761	235	3	876190182
243	157	5	879989217
224	553	4	888104393
882	173	5	879867980
716	632	4	879795691
737	96	2	884314715
881	1046	3	876539051
840	48	3	891204418
375	773	3	886621985
425	522	3	878738077
417	252	3	879646530
468	12	4	875291902
880	72	3	880174996
854	928	3	882813143
648	227	3	884882803
27	288	3	891543129
778	98	4	890725951
458	632	4	886398289
174	724	5	886453169
731	69	5	886179040
579	732	4	880952335
882	140	3	879879868
11	372	4	891904968
541	627	4	883874749
846	755	3	883950311
439	276	5	882892755
854	22	2	882813691
891	117	3	883488774
790	98	5	885156375
312	14	5	891698664
447	410	2	878854630
802	443	4	875985686
186	159	5	879023723
200	449	5	884130540
445	1143	4	891200870
561	200	4	885807743
781	204	4	879634256
412	684	4	879717313
796	271	5	892874827
877	60	5	882677183
7	379	4	891353325
102	55	3	888801465
394	158	3	881059315
645	513	5	892054481
846	770	5	883948606
847	1160	4	878939153
848	899	3	887037471
881	294	3	876535642
530	333	3	890627264
846	228	5	883947737
867	258	3	880077751
890	98	4	882403446
780	526	5	891364125
177	181	4	880130931
543	233	4	877545716
455	123	3	879111705
627	713	2	879530306
1	4	3	876893119
405	526	1	885546154
865	169	5	880235059
715	376	2	875964545
854	250	4	882812376
313	82	3	891014838
255	324	5	883215586
692	168	2	876953204
882	71	5	879867631
629	655	5	880117333
883	561	3	891695717
561	539	1	885807035
753	134	4	891402323
60	501	3	883327472
468	118	3	875280417
537	646	2	886030552
506	1407	2	885135954
537	382	3	886030938
1	263	1	875693007
214	98	4	892668249
671	257	5	875388720
857	14	4	883432633
892	151	4	886609330
312	507	5	891698300
796	9	3	892660251
871	1385	3	888193136
868	173	4	877107961
804	188	4	879442096
784	754	3	891387249
566	155	2	881651225
389	211	4	880087415
456	403	2	881373900
878	655	3	880866687
145	227	4	885557660
821	357	5	874793517
741	496	5	891456718
887	1012	1	881378153
524	823	4	884628136
863	303	1	889288911
406	507	4	879445735
551	461	3	892778074
588	63	5	890028385
870	386	4	880584752
796	1101	5	892690382
660	405	2	891198479
577	79	4	880474530
655	209	3	887473831
705	849	3	883428201
484	449	4	891195602
749	808	3	878849929
474	490	5	887926059
387	289	1	886484413
559	515	4	891035111
605	69	5	879425432
559	144	5	891034551
788	1	3	880867970
468	471	3	875279269
804	719	3	879445132
402	117	3	876267173
751	849	2	889299133
296	483	5	884197307
545	426	3	879901483
867	252	2	880078179
696	1062	4	886403631
666	544	4	880313682
222	1220	4	878184290
756	731	3	874827920
481	322	4	885828016
847	118	3	878775982
506	873	4	889874717
844	50	5	877388182
814	448	3	885411030
551	470	5	892783711
411	449	3	891035405
288	214	2	886374316
455	1086	3	879109692
687	988	3	884652429
894	333	4	879896756
679	268	4	884312834
894	246	4	882404137
805	151	5	881705810
871	747	3	888193541
894	297	4	880416380
622	209	5	882592421
653	658	2	880151817
543	391	3	877547190
718	815	4	883348873
334	950	3	891545162
871	1345	3	888193136
648	13	3	882212071
492	45	3	879969814
712	768	5	874956560
586	85	3	884067003
49	1017	3	888069040
870	216	4	875680520
327	1218	4	887822400
642	1000	3	885602340
727	1139	3	883713348
664	194	4	876525998
655	269	3	888474807
524	693	5	884636562
825	120	3	889020852
892	849	2	886610341
758	213	5	881976377
655	1623	4	887428735
564	1016	2	888730699
790	826	1	884462714
851	273	5	891961663
763	157	4	878917467
846	239	4	883947694
77	28	5	884753061
763	70	5	878917468
676	328	5	892685657
536	1063	5	882359938
859	1014	4	885775564
727	820	2	883709539
846	1018	4	883949421
276	260	3	874786439
536	179	2	882359625
646	893	3	888529080
655	46	4	887523403
647	831	3	876776321
268	25	3	875742556
361	70	4	879440386
756	435	3	874832788
708	25	3	877325838
886	1303	1	876033987
466	1607	5	890284231
642	1136	4	888123195
655	1278	2	887433780
483	743	1	893098548
606	405	4	878148493
145	901	1	885556116
881	183	4	876537995
592	547	4	882607910
411	276	3	892845575
655	520	3	887523427
795	97	2	881529761
835	526	3	891033927
751	1078	3	889299290
881	161	3	876538506
79	1	4	891271870
768	151	2	880135923
45	111	4	881011550
634	1047	3	875729668
181	1163	2	878963086
870	770	4	875679992
881	514	4	876537457
728	546	2	879443155
876	48	5	879428481
417	17	4	879648183
857	325	1	883432397
698	258	3	886365527
524	499	4	884637598
761	295	4	876190130
696	245	4	886404208
681	690	4	885409770
293	455	2	888905229
880	348	4	892958376
663	322	4	889491739
886	232	3	876032973
453	515	4	876191626
632	591	4	879459053
290	809	4	880475664
889	488	2	880180265
820	315	3	887954828
339	515	5	891033072
768	121	4	883834705
113	325	4	875935610
176	876	3	886047375
301	294	4	882074408
1	203	4	878542231
450	196	5	882371526
63	1138	2	875747789
862	478	4	879305016
600	570	4	888452563
896	1101	2	887159110
177	96	3	880130898
843	542	2	879448392
896	403	1	887160554
378	40	3	880333653
313	172	4	891014335
864	13	4	877214125
682	946	4	888523155
598	691	2	886710330
699	831	2	884152570
660	385	3	891199883
385	419	2	879442606
561	1131	4	885807173
690	8	4	881177430
389	509	4	880614449
864	386	3	888891288
721	216	5	877138498
873	300	4	891392238
363	315	3	891493603
457	196	5	882397763
642	67	4	885843025
393	344	3	891364581
68	713	2	876974073
451	327	4	879012580
488	173	4	891294473
293	956	3	888906726
460	313	4	882910837
457	151	5	882394010
253	655	4	891628142
486	1322	3	879875347
880	566	3	880167880
13	531	3	882140104
864	163	4	888888680
693	1135	3	875482689
824	294	3	877021002
210	654	5	887737559
880	931	3	880243564
312	660	4	891699321
487	150	5	883442430
788	645	3	880870626
881	135	4	876537900
374	1048	3	880394179
636	100	5	891448228
858	292	3	879459087
554	22	4	876232794
63	748	4	875747010
738	214	4	875350157
601	99	3	876350536
52	1085	4	882922454
864	222	4	888887502
655	655	3	888474285
848	162	2	887048541
878	794	4	880869418
33	329	4	891964326
692	25	4	876953340
812	294	5	877625367
757	156	3	888445551
361	216	5	879440740
554	230	5	876369968
637	121	4	882904458
867	524	5	880078604
864	173	5	888889129
455	455	3	879111862
109	209	1	880572756
713	345	3	888881939
870	549	2	879270213
618	443	4	891308665
782	266	1	891498919
807	485	5	892531977
187	83	5	879465274
753	195	1	891401851
298	526	5	884182573
336	367	3	877757910
852	930	3	891037777
290	235	3	880474451
761	326	1	876189715
711	82	3	879994632
825	870	3	880931932
465	428	3	883531246
43	70	4	883955048
590	116	5	879439196
844	318	4	877382762
328	939	4	885046655
407	675	3	876349153
877	59	5	882677012
630	756	4	885667551
329	302	5	891655191
661	972	3	876016581
447	227	2	878856233
293	218	2	888906168
248	172	4	884534992
10	654	5	877886597
883	69	2	891717356
881	179	5	876538400
731	648	4	886183515
889	1589	5	880177219
642	944	5	885605987
833	427	3	878078390
686	97	2	879546847
846	46	4	883949199
313	58	3	891015387
655	287	3	890497592
592	1010	5	882608357
773	2	3	888540146
838	302	4	887060659
640	496	4	874777491
356	312	3	891406317
846	1133	2	883950711
727	1	3	883708660
639	116	3	891239739
788	228	3	880870365
854	487	4	882813990
727	206	3	883711896
893	426	4	874829733
402	483	5	876267173
286	116	5	875806888
691	631	4	875543025
311	210	5	884364652
896	108	3	887159854
601	259	1	876346515
702	687	1	885767629
640	47	4	874777735
279	862	5	875313646
424	100	5	880859446
661	230	4	888300344
605	117	2	879365748
845	272	3	885409374
592	890	1	882607745
852	678	3	891036414
682	1188	3	888519408
846	1101	3	883948685
804	972	3	879445783
365	309	1	891303566
606	1055	4	880923690
790	173	3	885156046
882	186	5	879879731
870	1006	2	881001249
653	657	4	890181185
882	215	5	879867816
410	354	3	888626481
591	79	4	891031171
193	121	3	889125913
57	117	4	883697512
634	222	3	875728913
308	73	3	887738972
552	284	3	879222071
844	69	5	877388182
790	42	5	885156686
878	286	4	880865183
510	322	3	887667752
595	948	3	886920919
660	1110	2	891201823
755	311	4	882569771
248	98	5	884534673
631	334	2	888464941
846	504	5	883948221
560	268	4	879975173
782	1283	2	891499469
650	568	3	891381709
868	452	2	877111394
382	334	5	876802971
449	60	5	880410652
712	755	4	874957113
842	268	5	891218059
835	215	4	891033199
862	22	5	879304571
766	496	5	891309767
592	89	4	882955543
606	55	4	880926245
437	415	4	880143591
386	597	3	877655145
805	7	5	881694693
796	173	5	892662483
764	866	4	876244181
655	1634	2	888474019
555	129	4	882385841
543	367	4	876105366
848	125	5	887040159
463	475	3	877385341
303	128	4	879467542
466	184	4	890285113
450	133	5	882373019
889	196	5	880180612
666	866	2	880313582
894	134	4	879897198
861	86	5	881274630
91	511	5	891439243
90	212	4	891384147
892	87	5	886609263
541	511	4	883864739
159	1221	5	884027141
505	102	1	889334526
666	89	4	880139149
828	83	3	891036826
703	596	3	875242912
479	526	4	879461378
454	1126	2	888266955
645	239	3	892055445
663	682	3	889491891
734	423	4	891022734
728	147	4	879443418
95	195	5	879196231
234	832	2	892335501
698	482	2	886367406
606	963	5	880923925
768	966	4	883834814
662	985	4	880571006
682	249	3	888518722
582	1014	4	882962247
889	886	3	880176666
618	127	5	891307619
537	448	3	886032001
479	95	4	879461818
846	400	1	883950889
450	620	4	882399818
504	440	3	887910370
710	334	2	882063327
806	162	3	882388557
802	484	3	875985239
886	108	5	876033200
889	73	3	880181663
194	387	2	879527146
882	105	3	879863735
385	98	4	879442189
450	310	4	887660650
804	63	4	879445334
297	210	4	875410100
896	281	2	887161172
660	230	3	891199856
846	1182	2	883950488
846	837	5	883948495
429	28	3	882385636
666	144	3	880314144
372	674	5	876869512
249	407	3	879640618
758	231	3	881979012
9	201	5	886960055
804	826	3	879443776
653	294	2	878853618
682	274	4	888521740
896	67	2	887160983
727	29	3	883712603
630	687	3	885666301
717	975	2	884642843
796	232	3	893048911
886	273	2	876032274
493	173	4	884131114
603	216	4	891957139
883	882	4	891691388
886	419	3	876032353
853	873	3	879365091
365	591	4	891303901
698	199	2	886367065
181	884	1	878961847
244	249	4	880604930
666	1021	5	880139669
869	312	2	884490251
533	120	1	879366160
678	1115	3	879544815
896	310	4	887157208
51	181	5	883498655
846	739	4	883949459
506	323	3	875444631
740	269	4	879523187
665	12	4	884294286
481	484	4	885828686
749	197	4	878848044
878	126	3	880865940
745	258	5	880122502
727	435	3	883710687
870	487	4	879270313
500	821	2	883876837
753	504	3	891401457
388	680	5	886439808
871	259	3	888192971
892	441	3	886610267
450	618	4	882373995
536	423	4	882360601
332	307	5	888098170
764	15	4	876242945
814	443	3	885411132
897	1	5	879994113
642	1209	3	885606212
554	756	3	876231938
328	915	3	893195665
878	22	2	880866918
279	373	4	875659844
706	294	4	880996945
751	485	4	889134483
399	181	3	882342689
405	1311	1	885546859
657	118	1	884240732
777	521	5	875980235
779	71	4	875999285
75	1152	1	884050502
214	357	5	892668130
848	195	3	887040097
763	505	4	878919206
848	99	3	887038397
724	678	2	883757874
642	122	2	885606463
847	180	2	878939945
847	183	4	878940332
370	222	3	879434746
851	313	4	883148627
853	879	4	879364955
419	275	5	879435520
843	511	3	879447837
734	165	3	891025393
458	603	4	886397155
659	98	4	891045943
825	1016	3	880756077
663	1051	3	889493118
711	241	4	879994536
894	269	3	879896041
655	1296	3	891585242
844	109	2	877381850
314	508	3	877886789
831	250	5	891354931
293	420	4	888907356
518	288	3	876822581
363	429	5	891496077
820	264	3	887955180
399	378	3	882348284
561	675	3	885808904
383	205	4	891193210
815	404	4	878695147
504	939	4	887838869
537	486	3	886031149
862	433	4	879304445
658	7	4	875145879
271	690	4	885844430
513	252	5	885063549
839	220	3	875753029
469	199	4	879524006
393	597	3	887745293
890	237	3	882575209
293	571	2	888908041
679	223	5	884487052
450	300	4	882216475
622	482	3	882592178
788	492	3	880868235
642	356	4	886132104
758	273	4	881977714
664	302	4	876523093
347	200	4	881654452
833	597	1	875133458
826	627	4	885690342
864	603	4	888888025
131	744	4	883681384
653	53	2	880153304
829	640	3	881707829
828	213	2	891037865
717	678	3	884641842
345	87	5	884991984
690	554	3	881180005
291	1090	2	875087634
423	307	3	891394673
787	324	2	888979605
328	657	4	885046134
830	97	4	892502984
540	628	3	882157148
75	1048	4	884050705
13	202	5	882141425
807	678	3	892527569
707	212	4	886286792
890	181	4	882405808
823	160	4	878438232
620	123	3	889987190
158	217	5	880133095
693	378	2	883975537
421	709	4	892241389
694	511	5	875728048
271	480	4	885848475
632	385	4	879458649
547	289	3	891282775
684	168	4	878761120
618	109	2	891308615
14	473	5	876964936
398	72	3	875719399
705	623	5	883427778
823	164	3	878437658
864	123	4	888890594
588	82	5	890024829
696	906	3	886403769
222	537	4	881060735
796	1	2	892660251
846	172	4	883949834
880	597	3	880167436
727	926	3	883709438
577	161	5	880475561
698	588	4	886367558
541	404	4	883874646
853	292	4	879364669
746	449	1	885075476
705	89	2	883428083
890	340	4	882402181
750	683	1	879445911
788	474	3	880868599
790	288	4	884460942
867	1608	2	880078110
897	597	5	879993519
451	330	3	879012721
707	606	4	886285762
887	993	5	881378251
374	572	2	880938255
839	129	4	875751893
833	434	3	875038888
881	141	3	876538889
463	819	1	889937778
704	175	3	891397712
840	97	3	891205041
796	183	5	892662441
524	241	5	884635205
18	210	5	880131054
141	409	5	884585274
621	676	3	880737607
354	602	3	891217717
710	874	3	882063254
379	193	4	880524783
741	423	3	891018339
758	33	4	881976335
727	246	4	883708806
790	231	4	885158057
764	432	5	876245421
565	381	2	891037628
249	179	5	879641140
56	50	5	892737154
881	281	3	876536439
675	318	5	889489273
537	272	4	886028446
889	655	4	880178224
890	163	3	883010005
683	22	4	893286550
586	451	4	884067422
892	226	3	886610201
807	73	3	892532030
606	260	3	887059561
747	268	5	888638091
846	238	5	883948377
398	202	3	875725256
795	386	3	883254649
641	50	3	879370150
393	687	3	887742916
814	675	3	885410957
655	1214	2	891999461
793	288	4	875103584
825	258	4	880932625
826	232	3	885690713
535	425	5	879618338
880	1284	4	880167355
149	245	3	883512813
658	86	4	875147873
887	369	5	881378896
770	93	5	875971989
505	471	4	889333392
831	150	3	891354815
852	841	4	891037625
880	879	3	880166529
749	232	4	878848483
322	346	3	887313611
728	285	4	879443446
554	1012	3	876231839
684	49	4	878762243
863	242	4	889289570
496	150	2	876064230
862	121	5	879304196
864	215	4	888888994
508	208	5	883776748
234	557	1	892335989
639	582	3	891239739
758	780	5	882054468
450	114	5	887660504
47	301	4	879440333
677	678	4	889399113
442	68	3	883390416
889	1103	2	880180071
845	1434	4	885409719
334	225	3	891545645
749	96	5	878847498
731	196	5	886186811
846	606	4	883948685
387	430	3	886482882
7	443	5	891353254
766	175	3	891309118
830	523	4	891898661
701	311	5	891446679
430	528	4	877226164
299	93	2	877877775
70	684	3	884149646
456	1017	4	881372574
271	792	4	885849536
194	657	4	879521328
537	1005	3	886031752
805	541	3	882216971
271	763	3	885847876
897	472	5	879993620
374	527	4	883628801
789	50	5	880332114
653	179	4	880149927
731	427	5	886186940
773	176	4	888539962
561	70	4	885808673
561	86	4	885809064
863	361	5	889289618
685	299	2	879451540
887	1	5	881377972
13	750	5	883670552
85	1070	4	879453809
399	144	3	882342689
697	288	2	882621431
881	112	2	876536978
632	82	4	879457903
889	728	3	880181995
554	204	5	876550610
373	80	3	877107235
198	462	3	884209535
727	167	2	883713419
676	471	3	892686273
387	248	4	886481151
833	1231	4	875132237
878	212	3	880867987
623	210	5	891035112
781	174	5	879634256
13	817	1	882396914
171	288	2	891034606
758	657	5	881975213
458	129	4	886394667
374	756	3	882157967
165	174	4	879525961
313	654	5	891013681
648	275	5	882211016
901	275	3	877130677
780	187	5	891363904
727	369	2	883709948
655	375	2	888984293
545	98	5	879899861
823	642	4	878439089
489	902	4	891448931
181	847	1	878962550
894	302	4	879896041
379	96	5	880741811
825	515	4	880756076
846	673	4	883949422
545	423	4	884134114
43	542	3	883956518
572	319	4	879449209
760	1037	5	875668781
880	1001	2	880167435
627	100	5	879529702
751	226	3	889134237
417	172	3	879647519
505	127	1	889333711
780	511	5	891364027
271	2	1	885849386
293	175	2	888906244
629	475	4	880117121
543	792	4	877550535
494	121	4	879541429
13	506	5	882140691
488	289	1	891293263
843	672	3	879443297
757	432	3	888467269
209	1086	4	883417667
586	83	2	884059196
509	268	2	883590443
815	1078	2	878695903
803	688	1	880055043
774	774	1	888557883
369	179	4	889428442
655	1256	3	887425655
889	381	4	880180784
308	185	4	887736925
212	87	5	879304010
634	544	3	875729478
788	809	3	880870401
545	78	2	884134578
553	559	3	879949251
577	1517	3	880475644
168	458	1	884288058
896	525	5	887158164
7	651	5	891350932
829	855	4	881698934
889	1267	3	880182629
648	183	5	884368442
840	495	3	891209322
399	388	2	882350791
493	369	2	884130271
871	241	3	888193385
682	881	3	888521291
379	331	4	880526281
660	254	1	891357371
417	596	3	879646244
896	212	2	887160582
305	729	3	886324712
765	522	5	880346951
592	358	1	882607690
314	283	4	877886483
65	25	4	879217406
682	98	4	888520638
892	1219	2	886611079
716	601	4	879794892
484	274	4	881450085
385	855	5	882081995
774	692	1	888556121
272	234	4	879455143
585	165	4	891284184
666	163	3	880567742
487	222	4	883442018
892	661	5	886608473
867	498	4	880078401
617	859	3	883789590
750	288	4	879445808
827	690	3	882807503
429	433	3	882385858
599	288	4	880950997
573	180	4	885844091
665	257	3	884292654
598	347	3	886710330
676	890	1	892685900
416	38	3	886318228
574	340	1	891279174
749	746	5	878848764
716	393	3	879796596
561	87	3	885809197
749	322	4	878846422
405	229	1	885548048
647	121	4	876534274
410	323	3	888626990
805	5	4	881695293
491	284	3	891185330
371	449	3	880435733
779	21	5	875996932
627	471	3	879530463
283	91	5	879297965
343	410	3	876403212
201	468	4	884140927
773	1240	3	888539256
713	342	3	888882179
236	179	1	890118417
749	237	3	878846782
545	117	4	879899233
21	769	1	874951916
42	941	4	881109060
13	69	4	884538766
848	95	5	887041354
718	1047	3	883349442
870	704	3	879714532
629	193	5	880117565
116	603	3	876454174
746	222	3	885075267
864	245	4	887686369
896	136	5	887158768
875	923	5	876465370
709	508	4	879846590
698	172	5	886367100
813	988	3	883752528
878	402	4	880869303
721	77	5	877147200
493	151	3	884130516
853	301	1	879364744
899	208	3	884121857
901	509	4	877288977
741	478	5	891456741
727	79	4	883710806
782	681	3	891498436
826	11	4	885690526
142	147	1	888640356
221	1098	4	875245283
833	385	3	875039204
896	752	1	887161916
311	1297	4	884365654
505	742	4	889334162
291	173	5	874871800
450	511	5	882372178
592	333	5	882607476
316	174	1	880854539
548	79	5	891044482
385	59	2	879442490
666	607	4	880139563
747	1159	2	888639685
840	79	4	891204135
622	1408	1	882672922
365	316	4	891303638
798	805	4	875743813
749	510	4	878847404
657	282	3	884239745
825	281	3	880756678
503	1475	5	880382768
764	743	1	876243100
648	431	5	884882664
878	71	4	880870130
705	826	4	883428238
457	226	3	882548825
141	407	2	884585523
774	528	4	888556698
702	227	4	885767775
671	226	3	883949693
380	215	3	885479163
642	141	4	886568744
602	1	4	888638547
798	280	2	875554523
690	581	2	881180109
409	435	3	881107310
766	568	2	891310313
833	558	4	875039204
763	144	3	878915722
286	988	3	875806722
551	597	4	892784976
677	14	1	889399265
875	514	5	876465112
125	709	3	879454891
640	346	4	886353742
13	902	3	891749765
495	1245	5	888633129
661	8	5	876016491
457	378	4	882548312
848	165	5	887038397
627	230	4	879531397
824	292	3	877020927
833	185	5	875039416
655	238	3	887473831
727	127	4	883708830
428	294	4	885943651
561	511	4	885807510
882	559	3	879876806
719	293	3	883982002
339	655	4	891033452
368	127	4	889783678
579	1110	1	880952516
288	197	5	889225574
881	630	4	876539187
584	431	3	885774702
777	1079	2	875979431
886	173	5	876031932
634	288	3	875729178
844	216	5	877388183
682	151	5	888523115
840	531	5	891204089
18	72	3	880132252
748	153	4	879454930
771	1	5	880659449
782	1251	3	891500028
22	62	4	878887925
363	735	3	891496077
650	214	3	891369587
90	1136	3	891385899
889	402	3	880182496
699	340	4	893140639
731	705	5	886182632
506	855	4	874874802
880	802	3	880167918
533	934	3	879366118
519	350	5	883250102
276	501	4	874793035
699	191	3	878883173
705	99	3	883427691
648	1028	2	882212288
717	280	4	884642738
711	496	5	879993073
429	473	3	882387551
504	517	4	887832782
618	962	1	891307784
655	899	2	887433492
867	295	4	880078069
753	180	2	891401712
64	132	4	889737851
715	697	2	875963566
882	15	5	879862141
629	132	5	880117395
727	5	3	883711680
263	260	2	891297677
894	845	3	881443365
823	692	4	878439438
846	578	3	883949200
287	235	4	875334248
826	802	4	885690854
897	214	5	879990923
493	24	4	884130593
730	410	1	880310440
787	750	5	888979075
44	194	5	878347504
805	725	3	881705672
712	729	5	874730491
405	168	1	885547124
385	427	4	879441386
406	672	2	879792897
506	518	4	874873198
279	100	4	875249259
852	515	5	891036414
577	627	5	880475339
664	56	4	876525962
453	4	4	877554490
188	194	3	875073329
429	72	2	882387551
248	121	2	884536206
830	313	5	891462165
821	106	2	874793196
891	50	4	891638682
619	566	4	885954105
298	199	4	884127690
788	1277	3	880870583
391	215	4	877399100
878	530	5	880872619
664	702	4	876526052
881	151	2	876536241
595	222	3	886921274
881	118	4	876536332
764	13	2	876242755
625	1020	3	892000629
896	686	3	887159146
145	106	4	875270655
623	216	4	891034756
568	479	5	877906995
899	694	5	884121009
262	650	4	879792604
189	433	5	893266326
738	161	4	875350720
746	202	5	885075518
470	1084	3	879178406
717	307	5	884642133
903	1132	3	891031949
533	182	3	879191265
604	218	3	883668175
637	1244	1	882904458
13	690	3	881514811
848	640	1	887037935
721	181	5	877138951
580	348	3	884124382
670	611	5	877975129
782	298	4	891499278
826	228	3	885690600
758	20	4	881976574
595	864	4	886922069
586	54	3	884068393
655	251	3	888984417
880	1267	4	880242356
145	222	5	885557660
846	232	3	883949290
835	197	5	891033889
899	209	5	884121173
804	24	5	879443776
822	926	2	891040155
886	208	3	876031764
212	317	5	879303638
894	752	3	888280083
394	771	4	881060366
277	221	4	879544146
784	898	4	891387895
543	423	3	874863035
621	367	3	874962900
854	147	3	882812492
889	81	4	880180849
808	245	4	883949822
699	127	3	878881828
174	1091	3	886515591
552	280	3	879222002
565	515	5	891037803
868	101	4	877109996
806	133	5	882389908
880	118	3	880167551
597	118	3	875343067
606	678	3	877642127
606	206	4	880927552
774	826	2	888558623
230	161	5	880485468
588	117	4	890027062
697	833	3	882622228
776	635	4	892920403
389	77	2	880088922
851	132	4	875731370
894	255	3	879896836
805	99	2	881695560
13	558	1	882397011
896	744	3	887160040
110	54	4	886988202
498	10	5	881960711
880	1518	2	880242422
648	1029	2	884882636
177	1110	3	880131123
804	181	5	879440947
761	471	3	876190336
442	410	4	883388508
805	259	1	879971049
472	1014	4	875978191
880	4	4	880167843
886	357	4	876031601
492	527	5	879969879
452	815	2	875277472
882	1015	3	879863457
402	510	5	876267235
507	50	5	889965997
821	763	3	874792491
379	381	5	885063301
904	9	4	879735316
886	3	3	876032330
533	143	4	879438850
18	59	4	880132501
833	665	3	875224309
264	675	4	886122352
819	303	4	879952508
795	217	1	883774317
889	1074	3	880181515
545	566	4	879899438
235	82	2	889655403
456	1198	4	881371595
378	239	3	880055148
887	111	5	881378370
889	576	3	880182541
537	539	1	886029212
758	109	3	881975687
587	877	2	892871372
291	249	4	874805893
546	313	2	885139580
617	345	1	883788511
619	808	3	885954053
401	471	4	891032495
533	126	4	879192414
357	456	3	878952265
815	501	3	878694028
587	330	3	892871372
760	172	3	875667294
823	1135	3	878437836
883	30	4	891693058
334	753	4	891545741
886	7	5	876031330
177	678	3	882142086
707	194	4	886286246
454	317	4	888267343
732	305	2	882590201
837	20	4	875721919
43	546	4	875975613
706	471	4	880997172
758	186	5	881974931
390	258	5	879693461
883	194	3	891694218
112	310	4	884992444
659	792	4	891384003
667	216	4	891034894
500	407	3	883877252
622	111	4	882591014
868	403	2	877111837
907	1057	3	880159151
846	229	3	883949771
766	729	3	891310394
463	1606	2	889936565
864	124	5	877214158
487	546	3	883444674
655	1268	3	892914357
796	403	4	893048410
303	866	2	879485277
731	1503	5	886184578
577	735	5	880474338
543	13	3	876896210
568	641	5	877907596
704	603	5	891397262
839	950	4	875752408
840	638	3	891204239
871	337	3	888192475
880	578	3	880168411
870	238	4	875050865
666	26	3	880568505
682	393	4	888521711
653	638	1	878866636
791	322	4	879448128
905	333	3	884982806
868	1028	3	877103195
780	496	4	891364027
553	611	5	879948386
764	289	5	876244991
456	461	4	881373168
588	1240	5	890025864
433	276	5	880585843
380	238	3	885479057
339	222	4	891033512
487	259	2	883441083
846	1540	3	883949121
795	3	2	880561783
6	170	4	883602574
6	223	4	883600747
874	321	3	888632275
63	259	3	875747047
907	763	5	880159081
757	101	4	888467309
833	1071	3	875134150
904	289	5	879735177
524	1041	2	884636746
499	663	5	885599718
826	101	5	885690442
454	66	4	888266685
711	52	5	879993534
812	748	5	877625368
406	132	5	879445430
567	297	3	882426246
655	1267	2	887427840
763	73	3	878919180
435	820	1	884132367
345	781	3	884993636
474	434	4	887928562
798	1283	4	875295695
896	458	1	887235027
749	24	2	878849508
659	490	4	891384215
570	289	1	881262497
862	276	5	879303079
896	48	4	887158635
233	435	5	877665324
197	947	2	891410083
801	326	4	890332885
561	1478	3	885809626
887	279	5	881378478
659	88	2	891385955
897	478	3	879991105
715	405	3	875962374
234	204	2	892079617
727	196	4	883710514
650	662	3	891371153
854	535	3	882813364
881	88	3	876538595
826	432	3	885690379
567	109	2	882425673
792	129	4	877909753
387	181	4	886479610
505	1063	3	889334334
553	275	5	879948552
854	333	3	882811742
774	227	5	888557383
479	66	3	879462103
317	678	2	891446887
887	200	1	881380883
303	21	2	879484004
226	513	3	883889256
864	1135	3	888890594
642	560	4	886568978
850	172	5	883195301
726	1059	5	889832806
682	135	4	888517484
846	723	2	883948949
826	53	5	885690900
798	862	3	875914534
830	181	5	891561673
592	172	5	882956011
881	642	4	876538027
761	476	2	876190468
894	1016	3	879896920
846	748	3	883946477
833	403	1	875133458
751	1101	1	889298379
322	505	4	887314119
868	651	5	877103249
263	199	5	891298914
537	149	3	886030078
280	550	2	891701764
795	153	3	880569085
387	477	1	886480733
437	145	1	880143663
491	319	1	891184567
611	301	4	891636152
468	297	4	875280462
729	288	2	893286261
871	781	4	888193541
409	505	5	881107943
501	411	4	883348564
188	174	5	875072741
815	713	4	878692016
378	89	4	880046363
627	68	4	879531429
244	234	3	880606593
870	52	2	880584400
406	606	3	879445642
659	97	5	891384798
666	480	4	880568063
798	79	4	875638627
774	161	2	888557409
459	873	4	879561731
201	1056	2	884113592
580	1	3	884125243
892	73	3	886610523
553	480	5	879948552
864	349	4	887686388
794	1	4	891035864
468	153	5	875287720
840	513	5	891204295
551	570	4	892785264
715	79	5	875964579
896	684	4	887158959
881	282	4	876536773
506	186	4	874875062
535	223	5	879618207
907	619	2	880159038
630	237	5	885666823
758	864	4	882053726
543	515	4	876896210
655	644	3	887474288
896	713	2	887159630
804	143	3	879442490
795	581	4	883253316
823	286	5	878437499
757	570	3	888466683
759	1	5	875227798
293	429	4	888906045
706	742	2	880997324
181	410	1	878962955
596	149	3	883539402
639	549	2	891239427
561	780	1	885810769
737	173	4	884314970
238	1258	1	883576666
836	659	5	885754096
108	7	5	879879812
174	132	2	886439516
890	172	5	882402905
468	318	5	875293386
738	88	3	875351712
255	7	2	883216358
796	474	2	892663009
875	171	5	876465370
648	219	4	884883578
792	696	3	877910241
902	258	3	879463109
821	435	4	874793773
672	280	2	879787729
643	42	4	891446750
735	286	5	876697561
629	300	4	880115923
848	1101	5	887046533
500	735	4	883873941
896	318	4	887158294
661	219	2	876035968
699	98	4	878883038
506	8	5	874873374
82	125	3	877452380
855	60	3	879825528
896	384	2	887160860
833	552	3	875223976
559	180	4	891035111
312	648	5	891699068
268	186	3	875310311
344	22	3	884901180
763	56	5	878919116
830	202	5	891464148
648	780	1	884882501
851	932	3	875730455
634	322	3	875729217
645	772	3	892055728
222	255	3	883815804
567	679	4	882426055
533	132	5	879191220
804	615	5	879442298
639	528	4	891239239
738	474	4	875349775
427	286	4	879700792
373	197	3	877099352
537	380	2	886032154
741	403	5	891456083
859	762	5	885775437
851	258	4	883148669
533	88	4	879191902
628	338	5	880776981
894	638	3	882404669
201	733	3	884140522
417	171	3	879647800
532	79	5	889235367
821	318	5	874793368
637	225	3	882904829
897	127	5	879990647
661	538	3	886830056
294	281	3	889242035
625	514	3	891262724
293	235	3	888905146
880	243	2	892958608
4	324	5	892002353
766	662	3	891310281
595	336	2	886920966
334	275	4	891544707
497	590	2	879362461
750	879	4	879445961
891	591	4	891639497
293	100	4	888904734
841	323	3	889066880
486	678	1	879874297
815	393	4	878696473
414	340	4	884999066
682	246	5	888518659
621	395	4	880739654
617	269	1	883788511
514	191	5	875318224
898	288	4	888294529
187	186	4	879465308
877	640	2	882677311
903	100	5	891031203
901	1049	3	877127021
503	226	5	879454841
584	25	3	885778571
734	318	5	891022648
788	1273	3	880871771
388	871	2	886440608
655	301	2	887424991
872	932	4	888479498
692	1012	1	876953553
765	971	4	880346911
18	52	5	880130680
846	540	2	883950711
895	597	2	879438101
18	716	5	880131676
758	185	4	881975182
507	597	5	889966089
109	11	4	880572786
663	183	4	889493770
397	748	2	889760845
690	121	3	881179906
751	538	4	887134672
271	539	1	885847170
402	116	3	876267067
270	603	5	876955868
456	1081	4	881372191
553	1126	4	879948508
896	325	1	887157732
635	237	3	878879257
603	176	2	891956776
601	8	3	876348736
618	65	3	891309720
85	64	5	879454046
655	79	5	887429559
705	225	4	883427594
473	1007	4	878157329
515	347	3	887658604
524	228	3	884636152
907	100	5	880158712
906	100	4	879434846
682	26	3	888517986
540	20	4	882157509
276	531	4	874790801
645	65	4	892054824
868	202	3	877104264
741	281	2	891455792
497	790	2	879362720
221	578	4	875247023
601	230	4	876350583
524	1101	4	884635053
655	1100	3	887427371
835	281	4	891032718
222	654	3	878184087
11	748	1	891902270
862	11	4	879305172
889	1134	4	880177219
500	245	2	883864862
454	468	3	888267087
588	1180	2	890032056
669	133	4	891260779
442	150	4	883388283
880	182	5	880167670
789	294	3	880332275
896	789	2	887157978
621	240	4	880738893
871	275	3	888193384
899	216	5	884121885
807	374	3	893083109
75	988	2	884049820
697	455	4	882622170
429	672	2	882387551
312	143	4	891698893
769	1028	3	885424186
453	354	4	888201923
890	443	4	882404541
655	171	2	887523641
642	473	1	886131585
165	127	4	879525706
853	323	3	879364883
374	762	5	880393460
716	520	4	879794935
758	452	3	882054468
314	710	3	877888796
416	938	3	892439155
430	148	2	877226047
707	962	2	886285792
44	756	3	878346904
292	150	4	881105135
49	455	1	888068791
328	1021	3	885045740
87	804	3	879877083
559	195	3	891034647
21	628	3	874951616
370	525	4	879434666
778	180	4	890725725
193	286	4	889122906
411	1	4	892845604
752	327	5	891208451
655	356	3	887430804
726	310	4	889828404
262	369	2	879791160
864	98	5	888886946
870	17	4	880584752
246	227	4	884922475
493	174	3	884131211
752	1294	3	891207898
661	172	5	876036358
94	568	3	891721974
416	1077	1	886317030
790	17	2	885157399
845	269	4	885409493
906	121	4	879435598
863	1038	1	889289327
882	815	2	879861678
788	471	3	880869862
98	988	1	880498668
144	174	5	888105612
601	455	4	876347148
409	100	5	881107992
561	479	4	885807547
435	655	2	884131799
458	238	4	886397679
879	151	3	887761425
804	558	3	879441627
872	1	3	888479151
551	596	5	892784049
774	431	4	888557329
778	56	3	891232041
397	991	1	875063678
181	108	1	878963343
782	1588	3	891500067
104	268	3	888442172
537	607	4	886030682
889	382	2	880178248
868	474	4	877105882
634	116	3	875729069
903	318	5	891032793
643	679	3	891447747
704	344	4	891397015
621	161	3	874964447
640	313	5	888639815
758	959	3	881978864
407	844	2	884196984
181	1011	1	878963204
814	219	4	885411030
437	559	3	880143695
449	251	3	879958603
642	679	2	885606986
7	70	1	891352557
805	180	3	881698139
327	180	4	887745774
586	1249	3	884067058
263	28	3	891298219
659	174	4	891384215
393	333	4	889554171
165	187	3	879526046
807	140	3	892530004
232	589	3	888549790
840	747	4	891209490
755	881	1	882569732
802	7	5	875986303
711	393	4	879994778
894	288	3	879896141
251	845	4	886272378
396	117	4	884646191
611	324	3	891636399
113	292	3	875076105
653	56	5	878853975
275	181	4	876197615
548	525	5	891044446
486	742	2	879874693
843	831	4	879444977
479	204	4	879461583
319	301	4	875707721
748	56	4	879455083
660	83	3	891199556
897	227	3	879992190
526	333	3	885681935
885	866	3	885713102
346	188	4	874948252
807	101	4	893080637
887	1136	5	881381071
642	732	4	885605538
758	567	4	881978016
729	748	4	893286638
840	884	5	891203087
711	423	3	879993534
798	825	3	875638178
904	97	4	879735678
684	178	4	878760250
864	294	4	878179381
521	12	5	884477853
824	304	3	877020964
524	1421	5	884637147
372	164	4	876869446
882	471	4	879861562
836	288	1	885753475
497	432	3	879309993
751	945	3	889133852
889	494	3	880181275
665	472	3	884291242
537	958	2	886030652
803	311	5	880054754
653	4	3	878866755
661	749	2	889500304
239	209	5	889179032
835	179	5	891033819
781	180	4	879633895
875	133	4	876464967
668	252	2	881702925
671	79	2	883546120
774	233	2	888557383
887	473	4	881378896
863	258	5	889289122
608	86	5	880403484
847	258	5	878774722
875	268	4	876464755
757	121	2	888444635
456	1134	4	881372281
840	210	3	891204592
178	781	4	882827716
854	591	2	882812451
535	520	4	879618058
835	237	4	891035310
498	772	1	881957999
648	104	1	884367274
881	98	5	876537612
742	50	4	881335248
499	886	4	885598215
646	332	3	888528870
881	97	3	876537613
804	624	2	879445536
537	963	3	886030805
60	484	5	883326370
537	640	3	886031211
632	11	4	879458142
634	595	4	877017923
336	781	3	877757373
896	186	4	887159069
456	1240	3	881374332
690	546	4	881178383
774	98	4	888557682
539	603	4	879787985
469	507	5	879523803
512	286	5	888578937
303	432	3	879468274
849	298	5	879695086
889	56	5	880177857
308	472	2	887739336
849	588	5	879695680
833	647	4	875123427
758	1019	4	881975736
716	99	5	879796214
674	222	3	887762839
880	252	2	880167551
350	98	4	882347832
815	188	3	878693906
883	1045	5	891717462
452	1013	1	876215773
900	458	2	877833326
805	95	3	881695527
650	603	4	891369836
694	88	4	875727018
455	291	3	879109984
577	405	3	880470282
450	435	4	882374332
200	9	4	884126833
468	427	5	875291722
666	482	4	880567997
487	179	3	883528237
559	587	4	891034095
188	510	3	875071775
201	1174	5	884140670
608	262	3	880402368
334	689	3	891544340
561	1170	3	885809407
151	371	4	879542891
31	306	3	881547814
416	323	3	876696739
820	301	2	887955046
230	431	3	880485254
406	582	4	879793295
453	402	3	888207161
527	1101	4	879456691
81	928	4	876534214
334	186	3	891547128
250	55	5	878091915
885	432	4	885714820
882	8	5	879864789
279	1244	3	875298652
459	1038	4	879561654
406	485	3	879445735
327	174	4	887744513
899	685	3	884119954
387	583	4	886483098
749	576	3	878850533
756	111	4	874829670
796	684	5	892676195
727	411	3	883709905
766	217	4	891310650
618	164	3	891309041
823	423	5	878438780
701	689	3	891446822
299	97	4	878192680
521	89	3	885253266
537	1445	3	886031576
864	951	3	888891288
535	198	4	879618850
607	707	4	883880027
262	86	3	879791948
660	151	5	891198335
826	588	4	885690342
268	550	2	875310524
268	940	2	875743888
387	435	3	886480483
900	137	3	877832803
538	96	4	877109669
758	421	4	881975814
259	39	4	888720644
798	321	3	875286981
592	1067	5	882608698
840	153	3	891204627
484	419	4	891195825
703	25	3	875242683
332	827	4	887938503
886	1324	2	876032308
363	393	4	891497925
379	428	4	880568452
585	52	3	891284184
782	260	2	891498079
868	615	4	877109375
773	393	2	888539711
760	204	4	875668105
659	185	4	891332223
13	274	3	882399384
823	159	3	878438484
379	529	4	891674436
557	197	5	881179653
395	100	4	883765155
664	531	2	876523833
399	223	3	882343012
849	27	5	879695469
524	818	3	884628308
892	604	5	886608296
381	1115	4	892697600
908	56	4	879722642
831	328	3	891354000
735	298	4	876698897
534	748	4	877807429
889	211	4	880180765
361	186	3	879440516
780	657	3	891363723
345	137	4	884991077
588	550	3	890026513
311	726	3	884366035
774	79	2	888557236
82	112	1	877452357
828	52	3	891037639
395	186	5	883764817
886	17	4	876032596
868	179	4	877107056
826	403	4	885690750
811	323	5	886377579
900	130	1	877833512
442	436	3	883390048
378	928	2	880044488
653	200	4	878866952
159	866	5	880557539
758	414	4	881977487
903	994	3	891031883
884	179	5	876859109
702	538	4	885767461
744	657	5	881170575
454	136	3	881959745
673	301	3	888787450
95	419	4	879198547
717	890	1	884642001
645	616	3	892054508
821	234	5	874793574
613	1315	4	891227338
644	181	4	889077189
456	208	4	881374710
577	663	5	880474612
881	924	3	876536850
774	795	1	888555864
694	673	4	875726926
655	1041	3	887611537
464	264	4	878354886
829	14	2	881712488
256	322	4	882150152
796	720	4	893048562
354	168	5	891218507
747	287	4	888733182
682	631	3	888517922
334	529	5	891547445
417	228	3	879646915
862	479	4	879305351
850	969	5	883194908
804	133	3	879445904
826	56	5	885690525
610	318	5	888703378
840	213	4	891205199
405	1076	2	885549044
377	258	4	891296356
663	655	4	889493869
867	195	5	880078452
13	511	5	882139863
180	191	4	877372188
804	559	3	879445334
845	1463	1	885409374
733	282	3	879535814
558	283	3	879436097
495	179	5	888632470
719	79	4	877310859
800	257	4	887646980
686	527	3	879547177
554	289	4	876549656
727	1303	2	883713737
429	8	3	882386237
805	934	1	881705611
538	318	5	877106768
624	245	3	879792109
621	455	4	880738462
655	709	3	888475039
876	178	4	879428378
334	815	3	891545540
39	339	3	891400609
181	1171	1	878962773
493	118	4	884132898
626	323	1	878771505
889	568	3	880179785
311	942	5	884366112
880	280	2	880243204
233	168	5	877663302
783	887	5	884326620
788	519	4	880868235
916	467	3	880844420
798	239	4	875814157
782	539	3	891498865
823	184	3	878439629
804	419	3	879444624
911	357	4	892838954
663	180	4	889493691
421	218	4	892241687
838	111	4	887064357
813	358	3	883752606
486	1609	3	879875220
332	255	4	887938330
659	1297	2	891387306
450	748	4	882370410
617	174	1	883788820
847	168	4	878939912
650	427	4	891383424
642	156	1	886454965
711	114	5	879992870
62	171	4	879373659
634	475	5	877018125
771	403	4	880659769
896	82	3	887159068
821	1	5	874792813
912	238	4	875966320
881	81	3	876538666
505	495	3	889333823
456	433	4	881373120
460	117	3	882912342
912	1041	4	875966616
776	196	3	891628773
870	1041	2	879270213
566	387	4	881651512
831	347	3	891354191
806	433	4	882389523
18	419	3	880131878
506	271	4	880198184
504	717	4	887911730
887	210	5	881379649
371	185	3	880435519
705	215	2	883518871
782	993	3	891499370
539	269	5	879787770
301	128	5	882078228
716	546	1	879794094
711	77	3	879994749
357	150	4	878951615
847	410	1	878938855
885	596	4	885714990
747	631	5	888638957
908	414	3	879723022
896	144	4	887158333
300	687	2	875650042
880	347	5	892958301
390	9	5	879694232
624	1	4	879792581
479	8	5	879461415
63	3	2	875748068
407	216	4	875552401
629	55	4	880117094
800	1047	3	887646804
875	582	5	876465408
847	176	3	878941398
312	419	3	891699182
825	717	4	889021088
294	276	4	877819421
699	21	3	884152916
804	323	4	879440765
890	324	4	882404093
18	714	4	880130334
749	160	3	878847461
894	221	4	885428233
868	122	3	877113586
468	529	3	875287686
398	1041	3	875733660
412	357	4	879717548
605	405	3	879429706
102	1052	2	892993983
894	1142	4	882404137
862	175	5	879305172
880	1002	3	880175527
798	1544	3	875638925
548	628	2	891415890
825	14	3	880755942
532	633	5	888635197
636	813	5	891448297
456	1020	4	881373506
532	480	5	893119491
655	8	3	887477336
434	476	4	886725076
434	288	5	886724797
543	237	4	876896210
828	1597	3	891037813
320	238	4	884751672
882	117	4	879861492
345	1009	2	884991546
90	171	2	891384476
839	285	5	875752138
896	385	4	887160426
707	517	3	886287079
821	70	4	874793933
389	820	3	880089211
758	569	3	881978460
664	156	4	876526784
894	328	4	879896466
788	38	3	880871359
908	156	3	879722603
663	919	3	889492562
863	1607	2	889288973
472	375	5	875982680
682	471	3	888517537
806	195	3	882388328
502	288	5	883701866
789	181	4	880332437
323	268	4	878738865
630	496	3	885667854
472	760	5	892790953
650	423	3	891372316
903	182	5	891380461
487	628	4	883444558
808	302	5	883949986
582	235	3	882962803
280	670	2	891702485
551	357	5	892777274
201	48	3	884111485
815	418	4	878695744
392	340	5	891037437
914	724	3	887123464
466	82	3	890284819
168	118	4	884288009
833	183	5	875123026
723	289	2	880498816
325	195	2	891478276
548	310	3	891042474
303	1046	3	879468375
882	86	5	879867568
152	724	5	884035936
823	55	4	878438484
887	1540	5	881380739
788	222	3	880869945
514	176	4	875463128
608	131	4	880406032
409	357	5	881107410
334	150	4	891628832
453	508	4	877552612
334	846	3	891545318
741	566	4	891455671
608	483	4	880404916
393	879	3	887742798
452	70	5	888492838
72	526	4	880037164
894	249	3	879896872
684	100	4	875810574
844	625	3	877388040
738	238	4	875349895
842	269	5	891217834
345	5	3	884992922
650	294	3	891369190
648	89	4	884797033
881	291	3	876537177
862	111	5	879302844
177	183	4	880130972
825	926	4	880756643
23	195	4	874786993
795	150	3	883766579
503	234	5	879454675
506	233	4	874874109
823	155	3	878439211
279	1088	4	877756804
269	521	4	891448048
875	474	5	876465188
769	405	2	885424214
606	806	5	880923579
416	90	4	876699102
334	220	3	891545513
757	62	3	888466758
751	746	4	889133219
795	182	4	881530041
721	938	3	877137359
725	15	4	876106206
752	305	4	891207940
851	123	4	875730379
885	186	4	885713434
234	622	2	892335415
451	1395	1	879012858
192	1171	2	881368358
757	122	1	888445218
295	470	3	879518257
642	739	5	886568838
565	1622	4	891037478
718	118	4	883348912
852	181	4	891036414
405	746	1	885547176
548	742	5	891044596
693	729	4	875482912
424	508	3	880859519
870	789	4	879705466
846	1267	3	883949728
454	627	2	888267643
847	39	2	878940531
897	186	5	879994113
11	318	5	891904194
878	275	4	880865469
561	676	3	885810674
871	302	5	888192970
650	186	4	891370998
666	210	2	880139493
647	70	3	876776321
914	111	1	887124121
638	435	3	876694787
277	278	1	879543879
693	222	2	875482524
59	265	4	888205410
722	756	3	891281369
592	1070	5	882956158
911	588	4	892840837
11	449	3	891906327
388	1	5	886436813
885	70	5	885713585
864	1119	3	888890548
648	566	4	884882702
839	292	3	875751559
99	1048	4	885679411
551	281	5	892784320
504	127	5	887831510
671	68	3	884035892
847	234	2	878939645
184	506	4	889909569
174	280	5	886433862
846	22	4	883948222
621	94	2	874963081
718	717	4	883349214
682	890	2	888518564
46	300	3	883611307
916	1428	3	880845415
169	443	4	891359418
256	229	3	882164644
548	226	5	891044596
152	596	2	880148941
454	465	3	888267343
802	760	3	875986303
716	514	5	879796331
788	518	3	880869754
804	378	4	879445605
869	118	1	884492338
887	181	5	881378040
705	195	2	883428083
493	234	5	884132037
890	843	3	882916650
798	259	5	875295566
876	238	4	879428406
795	727	3	881530317
864	176	5	888887289
846	64	4	883948221
659	1138	4	891045266
586	930	2	884063080
525	291	2	881086644
896	133	2	887159502
137	118	5	881433179
478	591	3	889387958
561	733	3	885809099
877	955	4	882677936
877	216	4	882677827
715	157	4	875963024
181	598	1	878962623
659	1172	4	891332122
757	385	3	888468596
297	465	3	875238984
658	212	3	875148059
499	425	3	885599474
846	482	5	883948173
194	367	3	879525624
514	152	4	875318163
561	1070	4	885809043
756	210	4	874828902
441	313	4	891035056
398	414	3	875721111
175	88	4	877108146
468	952	3	875280310
90	242	4	891382267
440	749	3	891547746
587	294	3	892871197
20	633	4	879668979
677	687	4	889399113
782	292	4	891498213
698	176	4	886366814
880	831	4	880167411
847	448	4	878940013
692	326	3	876948579
826	946	3	885690342
385	61	2	879441572
780	275	4	891363685
716	480	5	879795025
365	352	1	891303728
392	191	5	891039015
788	133	5	880868473
378	382	4	880055520
870	1134	4	879376967
749	802	3	878850789
618	924	4	891309040
498	204	2	881957267
774	418	2	888558019
764	99	4	876246687
537	964	3	886031407
758	203	5	881978016
728	742	4	879443321
889	217	4	880182582
13	152	5	882141393
489	349	4	891449155
757	68	4	888466435
617	440	4	883789635
497	364	3	879363233
905	258	3	884982806
870	504	5	880584497
479	201	4	879461142
328	64	4	885046276
643	33	3	891449417
906	321	4	879434436
643	516	4	891447037
733	1023	1	879544411
622	121	1	882590955
606	88	4	880926533
870	272	4	890920916
457	628	4	882393688
416	803	3	886319177
833	186	1	875133458
452	492	4	875263413
593	546	3	875659849
782	324	2	891498381
26	298	3	891371505
551	168	5	892777723
878	736	5	880868035
627	123	3	879530305
457	566	4	882548583
292	603	5	881105318
796	1041	5	893047287
738	181	4	875348856
393	538	3	887742071
884	1214	1	876860434
694	965	4	875727672
377	895	3	891296307
804	1047	3	879443852
101	819	1	877136424
32	7	4	883717766
682	380	4	888517510
805	735	4	881698139
172	23	3	875537717
423	127	4	891395394
659	469	4	891385136
560	211	4	879975752
13	662	5	882399420
773	1367	5	888538643
896	398	2	887161469
520	294	3	885170330
864	7	5	878179608
840	238	5	891204239
844	151	4	877381674
862	199	5	879304761
234	466	4	892334368
889	479	4	880177994
560	617	3	879975661
892	71	3	886608348
682	552	3	888520977
896	222	4	887159109
593	763	3	875660105
458	25	1	886394576
493	257	5	884130495
798	391	3	875915855
834	343	4	890860416
729	901	1	893286491
742	237	4	881335960
324	250	4	880575531
474	491	4	887925187
663	289	1	889491861
896	273	5	887157947
437	583	1	880143040
232	900	5	888364663
528	31	5	886101761
449	288	3	879959082
803	245	4	880055378
452	576	2	875563050
537	100	4	886029692
373	177	3	877100161
639	135	4	891239239
234	164	3	892334644
345	262	5	884901701
653	89	5	878854100
828	306	3	891033342
892	578	4	886609469
618	136	3	891307931
339	823	3	891035850
416	451	5	893212623
429	972	4	882387757
101	225	3	877136814
38	288	5	892428188
871	947	2	888193177
144	12	4	888105419
546	898	4	885141260
705	148	5	883427134
222	541	2	878184973
445	460	2	891200624
480	12	5	891208433
423	879	3	891394558
642	1179	3	885606048
823	180	4	878439008
533	474	3	879190771
892	708	4	886607879
774	947	2	888557276
795	238	3	881266197
828	1005	3	891037813
363	73	2	891497234
787	271	1	888979721
733	149	4	879535440
864	720	3	888891238
198	31	3	884207897
746	89	4	885075243
807	231	4	892530705
504	451	1	887912584
586	779	3	884062856
664	151	4	878091912
883	529	5	891693012
846	731	3	883949594
751	756	2	889299249
902	318	5	879465522
804	472	3	879443976
221	150	5	875244557
556	604	5	882136205
294	258	3	877818457
825	491	4	881101782
54	240	4	880936500
193	24	2	889125880
643	185	5	891447157
850	228	5	883195394
802	396	2	875985840
847	479	3	878940405
831	326	4	891354275
881	655	4	876539448
911	168	4	892838676
736	1278	1	878709262
561	232	3	885810428
561	510	3	885808673
804	406	3	879444133
825	176	5	881101641
727	755	2	883712828
679	721	3	884487611
395	423	5	883764742
667	196	5	891034993
763	16	5	878918332
719	378	4	879360555
875	176	4	876465112
865	122	3	880144539
907	290	4	880159259
859	846	5	885775612
850	15	5	883195256
38	326	5	892428688
158	686	5	880134499
686	430	4	879546786
860	159	3	889984855
880	928	2	880167435
847	367	3	878940189
143	307	4	888407622
879	763	5	887761425
639	52	3	891239838
28	230	4	881961393
577	742	4	880470504
786	871	1	882842762
524	173	4	884637436
682	276	3	888517097
896	98	5	887158359
314	934	4	877887155
435	1240	4	884132296
534	333	5	877807486
524	98	3	884634615
527	172	5	879456490
632	55	2	879457857
916	271	3	880843185
916	232	3	880844897
798	1183	1	875915190
399	845	3	882340719
660	307	3	891197503
901	287	3	877126935
893	264	3	874828296
835	354	3	891032224
307	222	4	879538922
660	1483	3	892520856
773	354	2	888538143
867	210	5	880078547
540	473	3	882157687
864	217	4	888891524
871	883	3	888192475
727	257	2	883708806
311	198	3	884364812
659	62	4	891386380
660	135	4	891199833
844	431	4	877387825
894	273	3	880416220
840	194	3	891204264
582	748	3	882960601
543	944	3	877547863
457	1119	4	882398308
702	343	2	885767629
815	7	4	878691975
211	1330	3	879460096
796	280	4	893047208
423	750	5	891394704
833	325	4	875035885
798	405	5	875296148
125	90	5	892838623
881	50	3	876535927
650	15	3	891383594
828	224	3	891035614
724	336	1	883757784
194	97	3	879524291
75	79	5	884051893
576	276	3	887080905
566	2	5	881650739
451	681	1	879012773
141	1028	4	884585168
871	237	3	888193386
459	685	3	879563613
660	41	1	891265453
717	281	4	884642958
727	444	2	883712851
810	304	4	885406558
798	228	3	875915639
640	761	5	874778613
702	683	1	885767576
880	235	3	880166990
405	568	4	885547910
25	1	5	885853415
466	50	5	890284819
830	820	1	891899475
70	451	4	884065678
85	630	3	879453623
869	181	3	884490825
535	529	3	879618655
727	1244	3	883709859
768	405	4	883834883
622	49	3	882671273
489	303	4	891448109
198	248	3	884205385
712	738	4	874956841
271	692	4	885849582
181	1329	1	878962240
615	937	2	879447530
536	144	4	882359962
862	413	4	879303952
793	696	3	875104303
514	111	5	875463165
648	25	2	882211760
808	750	5	883949986
907	724	5	880159642
380	190	5	885478668
681	294	5	885409938
92	451	3	875660083
342	289	2	874984067
796	597	5	892661043
867	11	3	880078547
13	53	1	882396955
875	501	4	876465335
840	99	5	891204509
739	97	5	886959115
214	482	4	891544114
298	174	5	884125022
723	191	3	880499019
833	451	1	875134016
293	436	3	888906990
918	488	3	891987846
757	546	3	888444881
886	472	3	876033755
840	509	3	891204564
663	148	4	889492989
891	278	4	883489438
64	87	4	889737851
806	511	5	882387520
253	234	4	891628252
486	280	2	879875249
698	480	2	886367100
815	436	3	878695241
823	92	5	878438357
727	510	4	883710717
563	476	3	880507311
611	307	4	891636125
533	489	4	879438961
833	1597	5	875225193
648	23	3	882212709
537	673	3	886031505
605	471	3	879365748
269	657	4	891449550
10	709	4	877888613
804	1056	4	879442762
776	192	5	891628836
774	205	4	888556434
627	2	3	879531352
312	222	3	891698764
660	722	1	891265453
823	216	5	878438584
617	635	4	883789716
707	449	2	886288688
804	948	1	879447476
537	1006	2	886032245
429	514	3	882385243
790	436	4	885156686
464	322	3	878354680
864	356	4	888889268
882	294	4	879860936
892	177	4	886608507
825	307	4	880755305
569	273	3	879793810
416	238	4	876699179
897	928	5	879993621
435	291	4	884133446
806	475	4	882385083
636	275	3	891448229
830	435	5	891561737
429	665	2	882387474
747	30	5	888638913
222	117	5	877563227
868	209	4	877103195
796	181	5	892660177
318	216	4	884495868
834	151	4	890862974
899	231	1	884122844
342	11	5	874984315
919	1101	5	875373470
637	596	2	882903582
606	187	4	880926861
535	47	5	879618160
845	1394	4	885409719
886	161	5	876033478
840	297	5	891203334
846	675	2	883949379
456	616	3	881373655
457	469	4	882397208
416	1221	5	893213103
622	511	4	882592103
411	485	4	892845986
690	1028	4	881177836
733	619	3	879536488
919	787	3	875921283
921	24	3	879380097
916	366	3	880845658
392	347	4	891037600
782	1605	2	891500194
600	771	3	888452564
453	717	2	888206467
524	1050	2	884637501
543	692	4	877547580
586	550	4	884061459
397	313	4	889760640
70	596	3	884148728
846	289	4	883946548
693	492	3	875484539
769	284	3	885423927
884	166	3	876859207
755	264	2	882570077
910	182	4	880821696
864	132	5	888887128
503	736	4	880383174
6	340	2	883268278
896	672	2	887161218
383	496	5	891192888
886	318	5	876031308
532	1168	4	888630436
433	269	5	880585068
606	294	2	880923349
200	720	4	884130114
847	474	4	878941562
883	752	4	892872163
908	173	3	879722901
551	460	3	892784320
596	895	3	883539049
326	175	1	879874933
532	272	5	884594422
271	188	2	885849087
758	676	2	881977428
786	724	4	882844295
339	121	3	891035454
716	50	5	879793192
399	769	3	882350813
197	326	3	891409199
766	136	3	891310009
891	280	3	883489646
76	156	3	882606108
896	526	4	887159211
665	411	4	884291242
567	481	5	882426899
606	238	4	880927179
639	923	4	891239702
337	392	5	875236512
846	269	5	883946315
840	170	4	891204713
296	11	5	884197131
711	288	1	879991364
773	547	4	888538643
853	887	2	879365169
860	1061	3	879169685
305	176	4	886323839
664	715	3	876525718
913	99	4	881366878
773	1097	4	888538590
561	171	5	885807261
910	1012	4	884229250
899	154	5	884122420
500	1166	4	883874139
670	606	4	877975391
826	229	4	885690713
807	404	3	892528427
72	493	5	880037768
823	197	5	878437623
889	498	4	880178748
749	157	3	878847364
854	127	4	882813933
734	132	3	891022212
892	649	5	886608135
896	356	3	887160427
840	180	5	891205143
527	180	5	879456334
519	1612	5	883250148
717	125	4	884642339
749	448	2	878847645
726	1028	2	889832592
846	378	4	883948989
850	663	2	883194768
846	480	5	883947861
605	949	5	879427164
916	1046	2	880845722
758	1022	5	885698979
707	303	3	879438988
542	180	3	886532602
716	88	4	879796596
545	627	3	879901504
655	250	3	887425625
696	347	1	886403578
536	489	4	882360451
603	747	3	891956897
751	270	4	887134730
751	89	3	889132966
832	876	3	888259480
798	463	3	876175467
838	187	3	887067019
582	269	4	882960418
56	161	4	892910890
514	95	4	875309350
603	751	4	891956242
662	1381	5	880571005
862	24	4	879302990
634	118	4	875729106
834	347	4	890860007
194	177	3	879523104
871	50	5	888193275
660	430	4	891199747
106	162	5	881450758
882	476	3	879863735
790	1446	4	885157230
195	431	3	877835063
788	258	4	880867855
815	969	5	878694306
90	223	4	891383912
735	7	3	876698683
882	692	4	879867631
554	273	3	876231839
650	472	3	891381784
338	180	4	879438505
332	682	4	889069561
293	193	3	888905990
454	202	3	881960201
903	746	2	891033302
870	381	3	889409590
91	69	5	891439057
875	173	5	876465111
886	697	1	876033368
809	286	4	891036809
712	140	4	874957140
839	866	2	875752687
901	78	4	877131738
817	328	4	874815679
575	111	1	878148329
916	470	3	880845476
871	690	3	888192315
881	434	2	876538889
467	1011	2	879532630
800	597	4	887646555
562	458	2	879195982
426	646	3	879444787
790	559	3	885156773
512	183	5	888579474
18	216	4	880129527
450	727	4	882812635
705	685	5	883427190
537	274	2	886030235
805	25	4	881704193
587	268	4	892871068
426	1020	4	879442702
648	204	5	884368002
805	396	4	881695396
692	300	4	876953340
854	220	4	882813248
551	159	4	892784743
883	256	5	891692713
642	386	5	885605932
325	737	4	891479846
766	526	2	891309558
158	56	5	880134296
868	167	1	877110191
767	28	4	891462759
782	344	3	891497854
262	66	3	879794338
787	350	1	888979721
54	245	4	880929738
299	384	3	889503774
682	156	5	888519207
450	926	4	882470125
16	199	5	877719645
435	649	3	884133330
709	217	5	879848168
846	31	4	883948571
896	768	2	887160653
916	160	3	880844511
553	132	4	879948610
907	340	2	880158425
694	660	3	875729270
537	511	5	886030652
506	742	5	878044851
758	496	3	881976031
782	535	3	891499469
187	435	4	879465242
890	153	3	882403345
901	22	5	877131045
11	176	3	891905783
634	9	5	877018125
299	603	3	877880474
463	304	3	877384881
560	284	3	879976525
577	237	4	880470323
854	191	4	882813825
653	1444	3	880153077
438	1	4	879868096
454	222	3	888266785
532	420	4	888636374
677	980	2	889399470
645	212	4	892054857
655	781	1	887428384
382	1017	4	875946830
561	483	4	885807612
293	161	2	888907081
627	33	1	879531397
848	428	5	887047809
222	99	3	878182059
764	174	5	876245475
758	1046	4	881978767
831	749	2	891354225
907	591	5	880158913
887	1035	5	881381740
479	300	2	879459641
201	656	4	884111775
305	33	3	886325627
688	304	5	884153606
798	821	5	875916505
541	403	3	883865110
896	123	3	887159748
916	451	3	880845227
600	4	4	888451908
280	380	2	891700226
804	4	4	879442192
823	186	4	878438672
826	231	3	885690713
429	1020	4	882387757
751	742	3	889132347
796	809	4	893048471
857	19	4	883432633
445	1014	1	891200506
314	1253	4	877892017
747	949	5	888733182
216	276	4	880232830
183	144	3	891479783
699	273	3	878882563
738	662	4	875350418
828	190	3	891036826
834	117	4	890862386
422	117	2	875129975
250	151	4	878089677
709	363	3	879848695
535	507	5	879617856
618	925	2	891308854
222	1439	3	878183951
739	187	4	886959115
787	331	3	888979235
683	311	3	893283049
807	62	3	892979256
705	684	3	883428084
293	217	3	888907955
561	3	3	885810390
537	750	3	886028498
897	419	4	879990430
823	68	3	878438930
864	64	5	888887830
607	275	4	883879756
426	205	4	879444893
64	326	3	879365313
603	180	4	891956946
616	313	5	891224590
379	47	5	880740461
244	845	3	880606634
763	173	4	878914968
717	237	5	884642400
843	252	3	879445114
854	270	4	882811810
315	301	2	879799327
299	4	3	889503074
766	179	4	891309484
897	473	3	879993644
790	496	3	885155172
910	100	4	880821098
805	117	3	881694798
594	242	4	875997093
417	156	3	879647380
666	494	4	880314310
711	16	5	886031006
860	301	2	880829226
455	193	4	879111586
687	895	4	884652331
919	257	4	875288848
529	880	4	882535304
730	276	3	880310390
627	849	4	879531504
650	272	4	891381546
870	181	4	875680119
756	226	3	874830103
178	331	4	882823301
880	237	4	880166798
912	204	2	875966202
74	268	3	888333195
908	55	3	879722334
629	294	3	880115922
859	1095	2	885775513
450	1284	3	887139594
830	241	4	891464148
493	338	4	884130032
825	1028	3	889021037
683	344	3	893284138
314	846	3	877886971
883	1121	3	891693702
506	482	5	878044852
889	273	4	880177016
880	728	4	880243410
916	252	2	880843864
201	182	4	884111485
542	763	4	886533253
915	304	3	891030032
222	258	5	877562748
330	405	5	876544872
783	271	5	884326506
653	973	2	880150348
816	259	2	891711423
770	742	4	875972927
845	1022	2	885409493
184	317	3	889909426
889	129	5	880177266
671	222	1	883546333
633	498	2	875324922
758	542	2	881978495
561	173	4	885807393
207	763	3	877743609
407	796	2	876338663
747	672	4	888734152
881	77	2	876538627
637	151	5	882904064
826	768	3	885690442
126	990	4	887855231
804	1041	3	879446037
908	288	4	879722097
642	102	5	885603849
286	734	2	877534618
590	6	5	879439145
412	969	3	879716961
751	2	4	889298116
502	271	5	883702088
398	484	4	875659319
514	144	3	875462520
908	694	4	879722603
606	333	5	887059213
450	749	4	892141807
524	70	4	884636519
922	161	3	891450401
890	516	2	882916537
848	588	3	887043514
312	178	5	891698553
796	185	4	893194548
676	270	4	892685489
450	284	4	887139517
864	422	3	888892968
843	432	2	879447326
894	244	4	879896985
497	553	2	879310379
886	1073	4	876031805
638	229	1	876695108
454	402	3	888267419
773	260	2	888538348
712	655	5	874730467
749	404	5	878847673
877	732	4	882677898
894	281	3	880416102
823	282	3	878439364
905	245	3	884983273
331	634	3	877196308
648	926	3	882212400
854	7	4	882812352
199	813	3	883782807
258	294	4	885700898
354	1466	5	891217547
790	215	2	885157797
606	108	1	880923349
892	54	3	886609828
882	473	3	879862936
663	508	4	889492503
342	169	5	875318907
556	318	5	882136252
901	8	3	877131307
918	131	3	891987824
870	470	3	879901727
201	506	4	884114471
506	44	4	874874850
923	410	3	880387908
354	433	3	891217221
503	293	4	879438411
798	1034	2	875638547
123	185	4	879873120
653	403	2	880151461
886	483	4	876031656
745	151	2	880122948
896	191	4	887158604
65	111	4	879217375
808	262	5	883949986
453	226	3	877561214
537	478	4	886030938
311	380	4	884366067
405	942	1	885546336
805	172	4	881694713
543	2	3	877546306
914	88	2	887124121
665	186	4	884293569
500	831	3	883866004
276	71	4	874792870
911	435	5	892839993
44	50	5	878341246
7	71	5	891352692
403	257	2	879786112
407	504	3	875043948
828	958	5	891038262
174	988	1	886515335
829	275	4	892312770
862	978	3	879303591
425	265	3	878738643
870	131	4	875050865
727	1034	2	883713692
758	76	3	881977265
234	749	3	891033772
407	930	2	876348901
276	1145	2	874977115
803	988	1	880055454
840	8	5	891208958
95	715	1	880572060
810	321	5	879895290
474	616	4	887924028
246	133	3	884921705
13	862	3	882399074
643	1065	4	891448756
313	481	4	891014000
798	158	2	875914604
901	988	4	877125716
890	1065	3	882402949
712	585	4	874730234
592	443	5	882956158
577	172	4	880472124
766	177	3	891309844
315	303	4	879799302
256	986	5	882164059
913	58	5	880759221
94	172	4	885870175
534	1054	5	877807973
868	423	2	877107373
861	736	4	881274672
880	363	4	880167200
902	295	2	879465128
883	1	3	891914583
727	157	3	883711965
250	91	5	878091965
833	384	3	875134724
380	151	4	885478759
198	230	3	884209073
831	298	5	891355004
881	385	4	876538666
805	385	1	881694693
922	143	4	891449021
733	985	3	879535909
263	662	4	891299324
889	7	3	880177219
18	48	4	880130515
485	311	3	891040423
928	8	5	880936905
650	566	3	891369890
840	405	4	891203585
902	327	3	879463373
682	22	5	888519725
537	305	4	886028498
326	521	2	879875399
757	343	3	888443555
624	300	4	879792132
798	1539	2	876177839
894	740	4	880416253
567	271	4	882426327
892	230	4	886609793
778	11	5	890725951
374	203	3	880937735
703	118	5	875242852
864	511	4	888886846
593	25	3	875659826
764	274	3	876243410
624	763	3	879792671
620	164	5	889987586
747	1098	4	888640437
405	571	5	885547605
450	318	5	882373531
912	172	3	875966027
187	300	4	879464783
343	203	5	876406764
450	968	4	882395537
697	323	4	882621621
851	974	2	875730979
817	840	2	874816007
782	1191	3	891498558
308	410	4	887741329
861	1148	3	881274913
857	475	5	883432663
521	324	2	886059923
557	292	4	880485019
654	114	5	887864532
746	127	2	885075243
914	197	4	887122028
627	197	5	879529730
311	417	3	884366035
870	499	4	879713935
447	294	4	878855082
682	433	3	888521540
749	211	5	878847887
373	856	3	877105809
913	357	5	880824372
682	685	3	888522541
894	285	4	880416136
465	281	2	883532120
615	357	5	879448399
839	286	4	875751411
705	222	5	883427318
892	89	5	886608714
887	84	4	881381114
313	222	3	891017708
875	651	5	876466687
795	826	3	880560736
746	685	3	885075304
883	1019	5	891695570
863	305	4	889289122
303	679	2	879484534
886	98	4	876032352
456	697	4	881374390
650	578	3	891381661
787	938	3	888979605
301	402	2	882076915
592	60	4	882955460
880	546	3	880167410
840	474	5	891204089
705	95	4	883427640
864	1210	2	888892667
903	203	4	891032911
458	460	4	886394916
272	133	1	879455143
393	1039	3	887745973
757	939	4	888467498
727	570	2	883713194
456	395	2	881375542
467	258	2	879532164
125	243	2	892836123
7	602	3	891352594
775	312	3	891032866
188	684	3	875073477
519	903	5	883248595
561	455	3	885808766
197	311	4	891409070
280	142	4	891701747
318	121	1	884495052
864	483	5	888886913
189	498	5	893265773
752	346	4	891207983
922	210	3	891450368
682	55	4	888520705
303	1337	1	879485770
715	24	3	875962374
659	175	5	891386829
916	229	3	880845328
437	425	4	880141374
381	159	3	892696674
778	268	2	890803859
896	597	4	887159854
859	1061	4	885776056
449	14	3	879958603
751	417	2	889297615
394	405	3	880889010
921	1060	2	879379942
790	552	2	885157984
867	68	4	880079020
721	1039	5	877140780
545	80	3	879900654
561	268	3	885806710
176	293	5	886048040
487	392	4	883529363
892	63	4	886610480
882	526	4	879864642
788	318	5	880868355
889	462	5	880180707
831	50	5	891354900
843	429	4	879446503
847	645	3	878940132
514	1039	5	875318163
334	29	2	891549751
395	1028	2	886481149
832	294	4	888259121
655	193	3	887427307
417	90	3	879649107
782	1417	2	891500193
790	188	4	885157399
748	451	1	879455186
844	258	4	877381147
416	15	4	876697017
843	800	4	879443482
591	13	4	891039637
568	135	4	877907782
922	371	3	891448348
867	650	5	880078818
488	234	4	891293911
733	127	3	879535265
630	193	3	885667939
285	258	2	890595408
321	491	3	879440746
167	554	1	892738237
554	770	1	876369382
620	760	3	889987073
833	730	4	875038888
927	138	4	879198655
450	501	4	882371416
267	1028	3	878971143
831	300	3	891354191
805	412	3	881705592
838	275	5	887064193
454	48	4	881960114
846	451	4	883949379
881	38	3	876538763
694	187	4	875727582
537	789	2	886030805
568	661	4	877907126
311	699	4	884365075
90	505	5	891383687
693	313	5	885703726
92	228	4	875653867
757	751	3	888443398
857	348	1	883432170
210	222	4	887737603
708	9	1	877325135
724	301	4	883757670
179	682	5	892151459
450	307	5	882216475
686	317	5	879546553
727	526	4	883711113
712	173	5	874729901
924	96	4	886760020
875	4	3	876466687
851	682	1	890804746
588	570	4	890032281
552	873	3	879220688
3	347	5	889237455
625	212	3	891968320
699	322	3	879382698
923	333	5	880386897
655	766	3	891585450
796	826	2	893049362
130	347	4	884623800
249	603	5	879640935
464	307	5	878354859
699	116	4	887503290
878	416	5	880870854
593	744	3	886193049
886	636	3	876032473
721	306	3	877137285
761	864	4	876190336
855	1021	3	879825578
705	143	3	883427663
889	782	2	880182784
892	173	5	886607778
360	520	4	880355448
806	95	5	882388658
905	328	3	884983034
721	260	3	877137109
504	633	3	887912542
866	300	1	891220881
537	647	4	886030891
899	751	4	884120724
655	1193	3	887477360
655	28	3	887427210
896	546	2	887160938
445	1051	1	891200390
650	185	3	891369836
805	55	5	881694693
886	129	5	876033015
823	95	4	878439257
788	409	3	880871057
747	56	5	888639526
109	25	4	880571741
846	135	4	883947694
924	117	2	887421305
456	824	3	881372256
6	261	3	883268522
847	144	4	878940189
508	179	4	883767465
923	827	3	880387997
919	243	3	875288418
842	270	5	891218251
896	562	2	887161448
92	702	3	875656054
497	629	2	878759862
880	233	4	880167918
848	490	5	887043514
847	485	3	878941539
537	277	2	886029973
885	239	3	885713609
900	589	5	877833631
642	651	4	885602571
205	748	4	888284710
758	603	5	881976262
828	340	5	891033756
838	206	4	887067020
442	222	3	883391221
409	1392	1	881105367
676	193	5	892686606
640	189	5	874778181
860	153	4	885990965
852	7	3	891036485
796	1285	4	893188622
790	776	3	885155119
913	301	1	880753802
521	226	4	884478721
698	486	4	886366815
928	98	5	880936884
919	690	3	885059658
91	418	2	891439503
844	326	3	877381268
246	616	5	884922475
602	237	4	888638547
169	538	4	891268653
540	9	5	882156965
922	215	3	891453653
405	381	1	885547222
743	292	3	881277267
870	520	5	875050559
731	434	1	886186811
862	603	5	879304445
553	45	4	879948732
658	100	4	875145493
429	99	3	882386601
575	963	1	878148199
896	685	3	887160465
854	125	3	882813099
885	65	2	885714336
177	307	4	882141842
798	1425	4	875915317
804	200	3	879445493
748	200	3	879454522
286	1079	3	876522240
833	504	4	875038671
896	452	3	887161564
712	560	3	874730261
931	50	3	891036715
916	781	3	880845451
823	153	4	878438856
875	96	4	876465144
391	50	4	877399588
817	363	3	874816007
751	1446	2	889298694
886	62	3	876033265
355	1175	5	879486421
7	463	4	891353192
867	228	5	880078958
642	2	4	885606787
822	408	5	891037291
738	697	2	875353869
839	696	2	875752479
924	174	5	885458009
864	276	5	878179411
701	303	4	891446618
874	340	3	888632194
786	204	4	882843925
488	751	3	891292771
312	97	5	891698391
292	169	5	881105625
572	9	5	879449610
507	538	4	889964239
707	953	4	886288015
642	801	3	885605794
650	483	5	891372315
903	708	4	891033808
428	303	3	892572308
887	692	5	881380654
758	234	4	881974823
846	528	5	883948417
189	486	5	893266105
758	533	4	882055948
130	471	2	874953928
803	338	2	880055454
655	642	3	887430714
682	153	3	888521465
151	277	4	879524642
840	165	5	891204239
397	665	3	885349348
543	700	2	874865923
872	111	4	888479151
330	318	5	876546377
904	694	3	879735551
87	49	5	879876564
889	1419	2	880182924
887	99	5	881380539
99	310	3	885678348
98	211	4	880498797
790	66	3	885156560
561	4	3	885809044
746	684	4	885075337
887	826	1	881379239
618	699	3	891309410
826	391	4	885690854
861	547	4	881274857
781	258	2	879633862
883	64	4	891717988
913	92	4	881725846
917	25	4	882911390
119	924	4	874775535
927	501	4	879190422
886	238	3	876031459
190	328	3	891033305
25	408	5	885852920
924	1400	4	886327641
790	96	3	885155648
174	648	5	886513648
22	250	5	878888251
801	294	5	890332748
751	300	2	887134622
621	501	3	874965299
524	1074	2	884637128
595	14	5	886921223
733	546	1	879544466
711	213	5	879994390
711	69	3	879993194
864	623	3	888889035
858	289	3	879459337
453	453	2	888206768
870	554	2	879714800
655	214	3	887650851
402	748	3	876266860
854	537	3	882813797
12	328	4	879958742
619	827	3	885953878
497	4	3	879310825
244	1028	3	880604830
899	660	4	884122564
574	344	5	891278962
727	88	5	883711394
892	191	5	886607879
889	302	4	880176518
346	233	4	874948889
295	52	5	879966498
455	449	4	879112582
267	293	4	878970785
894	847	4	879897122
790	781	4	885157107
843	959	2	879447523
838	271	4	887060972
738	176	5	892844079
844	778	4	877387195
122	239	4	879270741
882	237	5	879862327
896	141	3	887159012
864	56	5	888887097
885	95	4	885714933
285	300	4	890595584
660	90	2	891201346
707	174	2	886286133
94	627	3	891722678
916	1335	4	880843798
675	900	4	889488624
637	7	1	882903044
862	201	3	879304326
893	117	4	874828772
846	50	5	883948003
25	419	4	885852218
463	25	3	877385664
655	939	3	887473905
582	597	3	882962267
927	294	5	879199250
845	900	3	885409719
711	135	4	879992445
900	280	2	877833364
481	252	4	885828016
711	1163	4	879991347
721	107	4	877140780
850	174	5	883195419
782	1256	2	891500230
657	9	4	884239123
776	675	3	892920321
650	215	2	891371152
455	269	4	878585250
701	690	4	891446520
535	963	5	879617977
556	172	5	882136441
862	919	4	879303409
840	56	5	891204239
896	227	4	887161728
903	204	3	891033335
647	1047	4	876534275
391	125	3	877399894
417	1057	2	880949763
679	154	4	884486658
822	1240	3	891036703
694	1028	3	875728581
889	186	5	880181563
707	660	5	886287107
637	25	4	882904537
504	418	3	887832391
820	343	4	887955241
545	77	3	884134704
230	117	5	880484320
57	845	4	883697253
486	741	3	879875221
715	470	4	875963538
293	1135	3	888907575
618	54	3	891309319
711	169	5	879992929
915	288	2	891031450
750	245	3	879446215
694	648	5	875728639
683	906	4	893286261
342	293	4	874984619
648	14	2	882211223
896	200	4	887158768
818	887	4	891870590
889	386	3	880182207
524	466	4	884636583
919	259	4	875288362
673	258	2	888786969
891	934	3	883489806
932	135	5	891249538
738	455	4	875350551
820	316	3	887955204
425	546	3	878738548
635	117	2	878879284
23	56	4	874785233
711	313	4	889910848
651	294	1	879348880
116	343	2	881246552
639	792	2	891240752
880	692	3	880174652
47	307	4	879439112
932	7	4	891250109
751	737	4	889298945
909	286	4	891919160
932	435	4	891249821
908	98	5	879722300
493	1016	4	884130550
796	211	3	893048115
776	816	2	892920423
694	498	5	875726618
172	642	4	875538028
800	125	3	887646608
416	447	4	876699027
843	96	3	879444711
883	715	5	891694311
807	657	4	892529573
889	175	4	880180101
805	546	2	881703473
358	45	3	891269464
932	285	4	891250392
771	294	4	886640547
886	172	5	876031527
682	762	3	888521637
499	257	5	885598342
889	678	3	880177352
562	153	4	879195954
608	70	4	880406552
921	8	3	884673699
610	8	4	888702902
321	19	4	879438825
682	5	3	888520799
279	1494	1	889232401
896	1672	2	887159554
752	351	3	891207898
527	185	5	879455680
862	737	4	879305386
102	229	3	888801623
620	1036	4	889988258
709	203	4	879849372
416	151	3	876697105
880	1000	3	880175128
659	167	3	891385438
877	300	3	882676366
774	405	1	888558539
346	68	3	874951062
592	467	5	882955582
566	386	1	881651375
826	435	4	885690677
786	708	4	882844171
326	550	5	879876505
551	69	4	892776982
630	325	3	885666301
703	993	4	875242787
913	260	1	881037229
922	1035	3	891449552
223	71	5	891550649
916	523	3	880844511
921	1	3	879379601
506	95	5	874873198
823	188	5	878438672
709	173	4	879846169
112	313	5	884992444
896	367	4	887160227
790	181	4	884461283
896	549	2	887160209
450	713	3	882395778
455	121	4	878585685
291	742	3	874805927
435	265	3	884131996
887	1278	2	881378087
880	65	4	880241977
629	23	5	880117001
932	105	2	891252338
922	89	5	891450368
198	181	4	884205050
527	492	3	879456405
846	1148	3	883950220
417	322	3	886186468
541	405	3	883871695
773	382	3	888538829
916	170	4	880844612
497	90	4	879310445
835	1673	3	891034023
393	785	3	889729749
601	141	4	876350443
846	507	3	883947861
848	530	5	887043040
629	174	5	880116847
870	209	4	875680546
679	153	2	884486904
880	69	4	880175646
868	121	2	877111542
790	762	5	884462105
487	783	4	884045361
757	746	3	888468435
64	79	4	889737943
811	892	4	886377530
643	219	5	891449614
833	636	3	879818659
338	497	3	879438165
762	173	5	878719533
29	1019	4	882821989
626	272	5	887772871
442	859	3	883390169
868	188	3	877103320
806	28	3	882388286
632	132	5	879459738
116	249	2	876452705
716	387	4	879797391
587	918	3	892871113
110	238	3	886989340
13	38	3	882397974
854	604	4	882813601
833	72	2	875134724
218	603	4	881288234
421	197	3	892241491
463	1284	4	877385381
889	520	4	880179756
316	275	5	880853810
671	802	3	884036411
795	1555	3	883249643
311	231	4	884365746
922	72	4	891452470
661	1035	3	876017717
802	657	4	875985239
445	433	2	890987617
757	809	4	888466758
783	258	4	884326348
201	441	1	884112537
399	468	3	882344134
508	232	3	883777109
846	486	5	883948948
610	9	3	888702961
666	647	5	880139439
595	3	4	886922069
13	211	4	882140002
788	614	4	880868803
774	53	4	888557383
716	180	3	879794815
864	794	3	888889268
256	409	4	882163654
871	751	4	888192744
43	208	5	883955547
707	297	3	880060261
804	981	3	879444077
661	140	3	876013552
128	702	3	879967879
755	271	1	882570023
232	508	1	880062447
913	1112	1	882044453
606	684	3	880925579
522	521	5	876961190
397	186	5	885349955
833	1154	4	875039101
804	984	4	879440727
796	112	4	893219477
881	196	3	876538185
682	258	3	888516814
747	887	5	888638335
880	1276	3	880167384
712	196	4	874730396
772	310	4	889028363
589	879	4	883352654
790	41	3	885158235
774	684	1	888557329
908	701	4	879722780
752	345	1	891207898
795	576	2	883254780
522	48	4	876961020
301	409	4	882075242
66	284	3	883601812
846	1473	5	883949335
782	900	3	891497963
833	144	4	887158945
648	637	2	884883424
623	186	3	891034814
896	76	3	887158359
847	732	4	878940510
846	71	4	883948141
719	240	1	879372631
795	204	3	880570209
455	213	4	879111453
780	79	4	891363860
416	232	5	893213549
846	393	3	883949547
144	223	4	888105197
472	660	5	875982096
887	710	5	881380709
766	396	2	891310934
664	159	3	876526739
262	92	3	879794205
894	332	3	879896233
653	1135	2	880152759
158	518	4	880134398
305	474	5	886322838
870	781	3	881001249
896	414	3	887159145
881	103	1	876536745
711	542	1	879995754
918	1065	4	891988002
881	127	4	876536079
807	415	3	893082702
703	1197	3	875242762
903	254	2	891032101
757	11	4	888466583
916	1135	3	880845556
321	493	4	879441110
806	155	3	882390164
880	1030	2	880243147
397	652	3	885350326
705	210	5	883427988
444	306	5	890246907
178	511	5	882827532
846	552	4	883950634
328	1401	2	885046537
256	841	2	882163857
622	280	3	882590534
234	629	4	892335042
868	225	1	877111453
306	258	2	876503793
145	590	1	882182802
725	181	4	876106206
843	99	2	879448751
496	961	2	876070655
807	739	4	892684321
886	813	4	876032029
181	508	3	878962623
216	1	4	880232615
466	17	5	890284766
643	481	4	891447127
919	19	4	875288681
749	185	4	878847740
749	89	4	878848098
839	326	4	875751519
406	491	4	884631010
782	335	2	891498918
707	220	2	880060549
554	4	2	876369560
554	531	4	876549731
796	321	2	892611871
521	87	3	884478314
450	188	3	882395778
932	504	4	891250236
552	1278	3	879222452
864	476	2	888892917
497	62	4	879310913
328	159	3	885047194
872	237	4	888479275
761	426	1	876190510
707	1174	5	880059749
774	519	5	888556434
201	366	2	884141015
763	61	5	878915628
889	515	5	880176807
624	455	3	879793358
226	286	4	883888600
887	235	3	881378537
733	405	2	879536659
553	181	4	879948695
551	636	5	892784130
756	123	2	874830344
616	289	4	891224840
144	126	4	888104150
716	614	4	879795159
881	943	4	876537404
704	611	3	891397764
919	253	3	875288748
853	271	3	879364668
896	423	3	887159172
853	328	3	879364744
474	188	5	887926437
506	517	2	874874585
846	72	4	883950129
1	55	5	875072688
716	792	4	879796010
416	353	2	886314834
928	187	5	880936884
913	8	2	880825916
345	628	3	884991105
541	66	4	883865929
145	310	4	883840666
605	269	4	879365101
514	511	3	886189990
828	895	2	891035437
575	79	5	878148199
908	204	4	879722427
915	310	3	891029965
746	172	5	885075165
897	194	5	879991403
877	402	3	882677997
897	568	5	879992216
491	127	3	891185129
535	517	4	879617977
896	436	3	887159692
878	82	3	880870609
537	129	3	886029889
894	582	4	882404485
328	69	4	885045844
790	940	3	885157928
916	866	3	880843798
567	89	5	882425820
749	628	4	878846903
716	493	5	879795949
864	140	3	888892016
724	876	1	883757784
886	67	4	876033228
745	205	2	880123205
758	1016	4	880672855
868	427	4	877103679
625	408	4	891997054
804	929	3	879444092
181	1187	1	878962816
834	150	5	890862564
247	121	4	893081396
693	1248	3	875483597
682	268	5	888518279
708	926	3	877325523
11	121	3	891902745
630	550	3	885667968
505	313	5	889332743
798	722	3	875914534
868	501	3	877103449
361	28	3	879441417
667	86	5	891034894
587	334	3	892871171
716	622	3	879797152
262	132	3	879792604
447	13	5	878854630
887	206	5	881381471
739	301	5	886825529
59	525	3	888204758
655	9	3	891585450
594	15	4	874783052
896	132	3	887158579
881	739	4	876539091
334	307	3	891544135
889	1079	2	880177647
934	50	5	891189363
756	473	3	874829296
892	500	5	886609622
881	401	1	876539260
592	747	4	882956102
870	462	4	875679860
843	679	4	879444851
899	230	4	884122472
138	1	4	879023031
934	423	3	891191660
863	332	4	889288943
228	286	5	889387172
178	684	5	882827019
846	746	3	883949254
782	1382	3	891500109
815	127	3	878691739
889	399	3	880182359
565	971	5	891037862
10	482	4	877889262
61	751	3	891206274
792	13	4	877910822
698	1021	1	886367615
871	335	3	888192475
655	204	3	887477192
674	742	5	887762714
68	276	5	876973884
721	65	1	877140221
788	227	3	880867890
606	585	4	880927358
806	1074	3	882390515
334	129	4	891544735
828	270	5	891034148
864	216	4	888886882
462	261	2	886365773
933	1017	3	874854953
880	579	3	880243882
704	661	4	891397667
913	12	4	881366897
911	185	5	892841255
918	1200	4	891988276
655	1479	2	887475032
889	771	2	880182961
312	223	5	891698485
788	85	1	880869984
457	1029	3	882551135
694	663	4	875727926
804	212	3	879445933
807	21	4	892823188
830	230	3	891561806
360	69	3	880355994
919	322	3	875288253
868	210	5	877103248
886	27	2	876031829
154	200	5	879138832
825	413	3	889020940
536	568	4	882360209
854	3	1	882813047
519	1295	5	883248595
653	168	3	890181186
886	182	4	876031932
458	499	4	886397450
327	537	4	887744023
458	1226	2	886396910
759	257	4	881476824
525	269	5	881087067
665	660	4	884294935
903	181	4	891031309
59	182	5	888204877
663	192	4	889493628
380	845	4	885479706
7	586	3	891354639
807	820	3	892532068
892	102	3	886610078
796	402	5	893047320
796	132	4	892662222
911	174	4	892838577
437	221	5	880140154
935	476	4	884472465
602	538	4	888638048
813	901	1	883752708
643	673	4	891448095
7	96	5	891351383
363	549	4	891496225
370	302	5	879434182
664	215	4	876525293
537	837	3	886031211
854	176	3	882813877
798	560	3	875638972
693	855	2	883975636
889	1072	3	880182444
38	294	5	892428584
655	1514	2	887472879
896	215	5	887158959
711	318	5	879992968
690	1041	3	881177804
194	1107	3	879525624
893	294	3	874827789
130	257	4	874953665
44	520	5	878347874
539	132	5	879788284
819	248	5	880382511
830	432	3	891561474
754	276	5	879451841
59	1112	3	888206161
727	845	3	883709325
843	21	2	879448392
584	230	4	885774171
707	949	3	886287191
666	169	4	880567883
739	172	4	886958938
709	728	4	879849185
758	238	5	881975538
889	747	4	880181515
622	1203	3	882669645
450	662	4	882395914
843	176	4	879447837
105	343	2	889214524
130	355	4	888211731
819	268	4	884012614
730	258	5	880309940
891	281	5	891639920
900	493	2	877833603
682	1079	3	888523657
497	237	3	879310314
747	392	3	888734178
585	919	2	891283681
705	403	4	883428154
324	690	4	880574901
897	1254	2	880253037
885	418	4	885714933
854	488	4	882813761
842	886	4	891218459
533	216	4	879191864
460	298	2	882912440
663	89	4	889493818
889	183	3	880178019
733	1115	3	879535338
887	82	4	881381028
846	102	2	883950286
847	567	3	878940783
938	864	4	891356827
899	2	3	884122563
862	657	5	879304369
604	441	2	883668261
896	462	3	887159069
922	756	2	891455185
442	153	3	883388237
772	300	4	877533731
774	448	2	888557715
774	1218	3	888556169
900	474	4	877833781
659	431	4	891385627
843	447	2	879443297
94	67	3	891723296
455	144	3	879110436
753	435	4	891401712
903	276	5	891380461
35	300	5	875458970
575	182	3	878148295
868	524	3	877107730
523	1047	5	883702800
707	1068	4	880061405
805	501	5	881695560
589	322	3	883352631
878	137	3	880865562
895	284	3	879438062
738	206	3	875350223
328	235	3	885048464
815	193	4	878696054
374	294	2	880392193
924	523	5	885458121
887	423	2	881379954
420	173	3	891356864
435	58	3	884131328
746	8	4	885075539
222	150	3	878181869
459	259	4	879561630
833	670	1	875124428
707	811	4	886287531
721	873	3	877137447
655	1529	2	887489792
919	358	3	875288304
909	582	5	891920125
399	302	4	882340101
62	190	5	879374686
935	284	4	884472673
406	660	3	882461650
476	66	3	883364433
892	97	5	886608802
339	343	3	891031800
21	986	1	874951482
909	292	4	891919160
650	393	3	891386778
160	213	4	876859778
846	780	4	883949380
874	748	3	888633197
913	527	5	881036957
435	144	4	884131085
256	228	3	882164559
724	1062	1	883758208
660	227	2	891201172
387	1011	3	886481033
518	628	5	876823804
792	591	2	877909865
271	654	5	885848475
919	887	3	885059452
833	320	4	875124647
727	398	2	883713714
878	181	3	880865770
716	172	4	879795542
774	23	3	888556634
868	273	3	877107284
846	679	3	883948989
442	447	3	883390048
747	290	3	888733144
295	1	4	879517580
825	12	5	881101782
501	597	3	883348260
461	258	4	885355735
385	1449	4	881047049
891	471	5	891639941
79	222	4	891271957
339	200	5	891033118
234	989	2	891033966
853	258	3	879364883
899	218	4	884122155
630	932	2	885667108
846	1248	4	883949254
664	285	5	876524053
815	200	5	878693871
854	285	4	882812165
870	396	3	875680668
445	289	1	891199510
458	735	2	886397679
682	299	4	888518363
693	174	4	875483881
775	329	3	891033071
758	705	5	881976203
862	183	5	879304834
107	325	3	891264659
929	209	3	880817752
747	1225	3	888733314
394	89	5	880889349
815	50	5	878691739
532	136	5	892865321
484	2	4	891195391
874	289	4	888633197
885	91	3	885714820
796	191	4	892690382
343	198	4	876406006
817	324	2	874815789
749	620	4	882804506
788	211	4	880868401
711	425	4	879993728
863	898	1	889288973
327	246	4	887744384
634	272	5	889464384
486	21	3	879875371
251	125	4	886272346
709	11	5	879847945
506	202	5	874873374
285	270	4	890595456
276	1213	1	874791407
771	79	1	880659729
707	1642	5	886286491
496	842	2	876068249
707	93	5	880059995
927	24	3	879181042
303	1039	5	879466457
901	623	4	877131793
745	427	4	880123361
940	193	3	885921893
642	237	5	885603870
404	750	3	883790750
387	563	2	886481851
773	258	5	888538143
655	1633	3	889331315
883	28	3	891717908
119	204	4	886177659
897	143	5	879991069
864	382	3	888887437
882	222	5	879861562
916	214	3	880844958
474	200	3	887925497
804	183	4	879445904
916	175	4	880845011
497	725	3	879363253
87	476	2	879877241
372	292	5	876869183
790	1091	1	885157728
747	313	5	888638265
804	756	3	879443976
632	143	5	879459053
378	949	3	880056318
551	84	1	892785020
919	347	3	885059569
888	869	4	879365086
900	183	3	877833781
905	282	3	884983889
524	570	4	884637128
524	523	4	884634615
642	571	3	885606113
868	417	1	877108087
788	661	5	880868473
616	343	4	891224864
497	49	3	879310474
880	402	3	880242115
223	313	5	891548750
397	298	4	885349348
474	1011	4	887916203
932	176	5	891250449
393	449	2	889731088
313	15	2	891016962
882	988	5	879861385
782	898	3	891498720
894	83	4	882404250
749	526	5	878847804
833	396	3	875134063
269	735	2	891448120
593	233	2	875671549
889	461	3	880181159
819	1160	4	880382533
707	1211	4	886287268
59	603	5	888204309
454	480	4	881959652
551	451	1	892784976
608	1221	2	880406800
940	568	3	885921870
592	482	4	882955582
897	56	2	879991037
831	31	4	891354612
222	770	3	878181592
624	122	3	879793436
870	68	3	879714087
641	209	4	879370365
621	88	2	874962772
935	100	3	884472110
715	274	3	875963899
693	281	3	875483597
872	748	3	888478942
696	427	5	886404542
892	144	5	886609179
116	292	4	876453847
940	14	3	885921710
860	305	4	878567538
771	69	5	880659606
922	382	4	891451373
863	1022	2	889289569
331	22	4	877196235
802	234	5	875985601
899	172	4	884121089
625	235	3	891631761
925	5	4	884718156
568	56	4	877907720
595	275	4	886921166
313	141	4	891030189
942	117	4	891282816
889	155	3	880182582
286	330	5	884069544
771	408	5	880659302
774	241	4	888557237
466	895	3	890283056
697	118	3	882622044
123	14	5	879872540
894	863	5	881105162
664	408	5	878094973
721	172	5	877138884
880	864	3	880167200
940	205	3	885921243
548	181	4	891043008
587	358	3	892871284
444	328	5	890247082
933	28	4	874853977
84	318	5	883453617
234	1075	3	892335797
897	497	3	879990430
256	50	4	882164443
399	222	3	882344434
846	967	3	883950791
865	676	2	880144153
194	679	2	879523104
640	461	4	874777833
712	388	3	874957053
846	727	4	883948873
406	180	5	879445599
911	496	3	892838954
868	919	4	877103757
817	546	4	874815947
830	480	5	891462594
766	393	3	891310372
622	162	3	882670389
847	404	3	878940732
279	32	3	875298696
608	22	4	880405395
864	1228	3	888892375
912	132	5	875965981
610	127	5	888702902
886	789	3	876031656
152	88	5	884035964
868	117	2	877110332
557	682	2	881179213
1	42	5	876892425
610	185	5	888703191
882	33	2	879868197
706	181	4	880997105
889	24	4	880177266
405	44	1	885548670
748	326	3	879454171
346	177	4	874948476
825	117	5	889021393
781	215	3	879634124
830	2	3	891561806
394	252	3	881130112
828	509	2	891036630
716	225	3	879794482
606	111	4	878146986
1	139	3	878543216
790	25	2	884461925
487	802	4	884051006
479	509	4	879461756
301	122	2	882074818
846	469	2	883949290
942	200	4	891282840
798	97	1	875638474
846	190	5	883947694
940	655	4	885921775
529	343	3	882535180
173	326	5	877556988
806	216	4	882388128
601	864	1	876347320
443	260	1	883504818
305	275	2	886323153
825	1244	5	881185672
789	1	3	880332089
592	472	1	882608795
767	483	5	891462870
913	1240	2	881037004
896	25	3	887159261
321	127	3	879438651
831	316	3	891354338
722	476	4	891281635
890	625	3	882575104
933	187	4	874854294
258	877	3	885701044
271	470	3	885848707
429	65	3	882386216
215	159	3	891436707
766	386	3	891310620
593	288	4	877728878
892	118	4	886610649
805	655	3	881698175
859	294	3	885775218
710	299	3	882063612
345	1007	5	884994119
433	286	5	880585068
831	7	5	891354947
125	1204	3	879454419
835	527	4	891033048
537	1166	2	886031886
932	55	3	891249994
864	99	3	888890730
393	729	4	887746431
911	381	5	892839846
792	147	4	877910822
903	288	4	891031105
650	419	4	891370971
774	201	2	888556090
178	628	4	882824027
843	191	3	879446755
848	89	5	887040097
896	481	4	887158683
73	894	1	888625592
867	98	5	880078937
830	612	4	891898061
770	303	4	875971568
437	101	3	880143355
444	307	3	891979402
161	929	1	891172377
235	429	4	889655662
469	161	3	879523802
833	943	4	875124382
671	56	1	883546120
897	477	3	879993315
17	628	1	885272724
865	268	4	880142652
747	111	4	888733480
883	212	5	891695570
766	89	4	891309090
843	675	5	879443174
865	91	3	880235059
753	294	5	891399737
559	520	5	891033911
194	79	3	879521088
527	427	4	879455740
903	191	5	891032872
745	125	5	880123069
389	302	5	879915633
773	179	5	888538810
655	5	2	887523641
653	526	3	880151752
551	294	4	892775824
747	133	5	888732695
688	359	5	884153606
305	318	3	886322560
567	498	4	882425966
435	44	2	884132619
455	147	4	879109764
92	385	4	875653665
899	640	1	884122228
893	148	3	874829287
653	225	1	886052230
937	9	5	876769373
542	627	3	886533604
662	1652	3	880570909
846	1311	2	883950712
924	127	3	884371438
584	249	4	885774551
905	300	4	884983556
913	481	3	880758579
379	1113	4	892879325
659	568	4	891384850
486	304	3	879874186
128	258	2	879966299
846	219	4	883948607
779	109	3	875501782
497	450	2	879362202
825	293	3	880931805
626	266	1	878771476
637	301	1	882899527
452	663	2	885817516
185	178	4	883524364
881	117	5	876535796
566	181	2	881649985
826	510	4	885690677
940	315	4	884801125
642	742	5	885602839
125	205	5	879454345
911	98	2	892839015
141	1282	3	884585320
681	1176	4	885409515
587	689	1	892871438
74	508	4	888333542
144	56	4	888105387
321	116	3	879439595
902	50	5	879464726
880	367	4	880174730
885	195	4	885715827
851	343	2	883148773
301	205	4	882076046
650	80	2	891389216
795	42	3	881252510
617	567	2	883789747
701	328	4	891446707
698	96	4	886366515
645	186	4	892053340
735	283	2	876698796
854	1677	3	882814368
291	98	5	874834701
869	240	4	884491734
642	780	5	885606270
183	121	3	891463809
544	288	2	884795135
709	859	3	879848318
885	56	3	885714641
807	210	4	892528646
442	433	4	883388283
919	321	2	875288164
826	678	4	885689942
379	286	4	880524329
707	294	2	879438988
828	1056	1	891036630
588	1219	2	890028385
435	687	2	884130834
782	1380	2	891500150
844	7	3	877381784
378	98	5	880045760
758	505	5	881979012
826	570	4	885690790
654	151	4	887863471
474	467	4	887928498
933	64	5	874853605
401	286	2	891031464
407	204	3	875116964
325	383	1	891480034
896	1018	3	887160116
864	234	4	888887658
910	845	4	880821405
890	449	1	882915661
886	218	3	876031829
871	547	3	888193136
733	117	2	879535779
409	61	4	881109420
843	581	3	879443951
643	169	4	891447222
880	1053	3	880242660
710	510	4	882064283
877	79	4	882678387
537	714	3	886031886
551	363	4	892784710
942	423	5	891283095
886	76	4	876033897
41	96	4	890687019
877	748	4	882676423
933	447	2	874854678
863	1679	3	889289491
739	176	1	886958938
887	91	5	881380884
496	495	3	876066300
671	779	3	884036683
655	1473	3	888474872
459	696	4	879563736
474	174	5	887925750
499	527	5	885599307
915	300	3	891031477
536	720	4	882361207
870	395	3	879901999
222	91	2	878183777
850	121	5	883195055
622	210	3	882669784
339	1258	3	891034717
95	398	1	888956804
503	130	5	879438837
804	139	3	879444943
472	432	5	875979964
655	1129	3	891585242
773	231	2	888540186
896	20	1	887235027
846	2	5	883948949
621	432	4	874965093
587	680	1	892871503
452	842	2	875265368
184	313	4	889906905
892	596	3	886608136
553	497	4	879948460
846	588	4	883949380
818	751	5	891870473
583	708	5	879384338
428	315	5	885943980
734	193	4	891025340
908	657	4	879722822
846	654	5	883948089
795	214	4	881265372
910	237	4	880822060
397	65	2	875063876
181	596	4	878962866
399	379	3	882512003
521	751	3	884475485
503	463	1	880383126
802	53	4	875985840
798	623	3	876175980
894	1131	4	879897198
894	511	4	879897198
877	566	4	882678547
916	81	5	880844527
798	740	2	875296148
620	313	5	889986477
49	465	3	888067798
703	508	3	875243028
805	143	3	881705765
871	22	5	888193177
760	739	4	875668888
790	228	3	885156647
940	66	4	885922016
454	283	3	888267590
868	81	4	877107373
109	572	3	880583308
933	156	4	874854135
862	203	4	879305312
892	110	3	886610523
747	615	5	888640348
561	542	1	885810858
417	1230	2	880953088
416	1119	5	893214225
890	258	3	882404055
885	173	4	885713357
678	275	2	879544450
648	161	3	884882802
815	584	3	878696355
568	234	3	877907092
385	1456	4	879447205
605	70	3	879424680
474	96	4	887925497
796	735	2	893188514
894	257	3	880416315
616	288	4	891224676
798	603	3	875743267
673	327	4	888787396
919	596	3	885059887
881	934	3	876537011
917	471	4	882911099
839	111	4	875752237
923	237	4	880387908
765	137	5	880346255
815	174	4	878693424
354	221	4	891216788
934	1425	1	891197851
926	286	4	888636202
932	1266	4	891248937
637	9	1	882902924
181	678	2	878961369
201	10	3	884114169
899	282	5	884120007
227	741	3	879035464
778	568	3	890726190
303	375	2	879544276
768	310	4	883835026
690	435	5	881177616
366	773	3	888858078
320	185	4	884751141
222	67	4	878183616
924	195	5	886065785
882	660	3	879879731
815	181	5	878691844
943	58	4	888639118
452	100	5	885544109
886	371	1	876033435
884	165	3	876859070
527	191	5	879455654
794	269	5	891034213
738	64	4	875351092
825	243	4	884642187
709	228	3	879848397
424	286	4	880858792
561	603	4	885807842
478	11	4	889395638
285	64	3	890595777
417	231	4	879648798
414	886	4	884999286
686	173	5	879546847
524	715	4	884636182
932	679	2	891251538
795	1199	3	880557953
872	288	5	888478743
924	273	3	889286721
883	277	4	891717936
864	161	4	888891288
870	494	3	879865875
745	204	3	880123335
463	302	5	877384835
907	317	5	880159910
682	943	3	888520864
782	1534	2	891500194
405	1577	1	885549506
296	114	5	884198772
499	588	4	885599334
870	528	4	875050801
541	584	3	883874646
622	581	4	882670562
880	722	3	880174904
751	710	3	889298051
480	443	4	891208746
591	306	5	891030956
676	295	1	892686220
854	129	3	882812165
776	195	3	891628836
833	977	2	879818799
551	1028	4	892785056
860	347	4	886424396
846	1179	2	883949121
693	121	2	875483564
540	597	4	882157248
622	484	3	882669803
927	228	5	879184644
655	170	3	887523224
899	250	2	884120105
551	226	5	892783411
332	41	5	887938997
693	157	4	875482779
862	484	4	879304571
456	952	4	881371766
368	5	3	889783454
655	1111	3	887473856
116	246	5	876452405
630	216	5	885667968
837	275	4	875721989
592	176	5	882956039
882	225	5	879862865
751	197	3	889296961
919	462	3	875372844
903	23	5	891033541
840	144	3	891209104
250	9	2	878089547
669	151	5	892549370
354	222	3	891216854
896	1221	2	887159261
650	622	3	891387468
276	397	1	874792601
104	246	3	888465319
878	496	5	880867387
921	932	3	879381128
761	988	1	876189715
592	224	5	882608357
892	237	4	886608802
867	250	4	880078091
864	969	4	888887172
682	683	2	888518503
768	815	3	880135963
31	1022	5	881547814
744	340	3	881171820
830	56	2	891464054
305	326	2	886307917
437	71	3	880141402
901	929	4	877126902
788	621	3	880871026
536	436	3	882359883
846	387	3	883950634
833	511	4	875038742
790	145	2	885158299
59	524	3	888206689
853	300	5	879364744
782	873	4	891498512
940	873	3	889480440
370	137	4	879434707
613	272	5	891227111
298	50	5	884125578
374	227	4	880937876
383	660	4	891192748
474	737	4	887926633
276	385	4	874792547
886	393	3	876033181
27	930	2	891543222
880	79	4	880167670
416	550	4	886317599
508	47	3	883777257
634	473	2	875729558
903	187	5	891033754
764	121	5	876244991
92	44	3	875906989
627	328	4	879529486
909	116	5	891920010
826	230	4	885690600
627	358	3	879529556
379	7	5	891674489
398	231	2	875743840
450	389	4	882396051
868	98	4	877103371
935	471	4	884472352
618	52	3	891307224
450	50	5	882371415
327	181	4	887745537
648	234	5	884368314
425	12	5	878737791
868	662	2	877103714
825	1163	3	880756076
840	515	5	891203280
815	141	4	878694613
907	620	4	880159113
727	455	3	883709671
837	280	2	875722350
495	1079	5	888636511
301	233	4	882077872
796	692	5	892761544
561	1010	3	885809781
773	958	4	888538908
445	300	1	890987410
360	223	5	880355803
922	202	5	891448115
723	189	3	880498938
658	42	4	875147873
943	111	4	875502192
889	1070	3	880178367
716	418	4	879796620
87	765	3	879877006
907	274	5	880158986
864	2	4	888889657
708	473	1	877325656
932	1305	2	891252260
812	286	2	877625109
843	582	2	879445658
795	477	3	880558562
889	755	3	880182017
207	195	3	875509307
610	172	4	888702962
524	14	5	884322047
939	931	2	880262196
890	662	3	882575303
6	531	4	883600747
622	253	3	882591047
344	546	3	884899837
895	181	5	879437950
840	257	3	891204056
697	595	4	882622066
823	90	4	878438552
497	7	3	879310604
145	118	3	875270764
892	732	4	886610480
683	880	3	893283641
684	158	3	878760372
883	549	4	891696782
778	367	5	890802895
747	234	5	888640099
867	117	3	880079117
829	222	4	882816987
144	7	2	888104087
741	118	1	891455855
262	609	3	879793736
130	326	5	874953239
460	1067	4	882912316
654	143	5	887864275
406	122	3	879540405
276	217	4	874792692
58	137	5	884304430
885	501	3	885714820
782	688	2	891498918
854	4	2	882814436
593	282	5	875659518
788	120	2	880871520
393	1076	3	889731109
815	257	3	884320266
788	281	4	880871205
394	358	3	880886546
790	158	2	885157797
548	56	5	891044356
218	23	4	881288298
850	584	4	883195276
472	405	5	875978600
671	265	3	884035992
896	358	1	887235749
586	581	2	884065745
665	202	3	884294612
540	340	4	882156710
286	42	4	877533698
62	455	3	879372696
618	218	3	891308115
592	23	5	882955735
222	167	3	878183588
848	118	2	887047243
843	551	3	879443544
911	485	3	892839454
864	747	3	888890380
655	300	3	887476919
239	531	5	889178762
883	168	5	891694218
303	1	5	879466966
846	494	5	883947590
788	231	3	880871267
608	317	5	880405527
311	705	3	884365201
344	431	3	884901469
892	11	3	886608897
573	157	4	885844161
848	1021	5	887043777
683	270	3	893283049
896	603	4	887158384
833	7	3	875035953
605	238	1	879424783
943	11	4	888639000
823	13	5	878438642
872	363	4	888479582
38	637	2	892434452
899	186	4	884121767
916	46	4	880844480
796	755	4	893219033
936	1258	2	886833281
650	478	4	891371186
866	242	3	891221165
882	243	4	879861325
795	465	3	883252686
699	370	3	879148129
458	204	4	886396390
796	1217	3	893194607
665	50	4	884290432
592	382	4	882956761
853	259	3	879365034
399	96	3	882342019
846	554	4	883949728
536	778	4	882359988
917	50	3	882910915
161	70	3	891171064
313	1470	1	891017319
468	174	5	875294549
894	713	4	880416177
889	89	4	880177941
680	269	4	876815942
234	527	3	892334189
731	136	4	886182826
755	289	1	882569912
690	1185	1	881177778
665	473	4	884290882
734	191	4	891025523
162	179	3	877636794
820	288	5	887954934
886	801	3	876034205
510	292	4	887667524
776	564	3	892920446
919	1136	2	875374269
806	1514	3	882385643
928	496	5	880936863
521	754	3	885252562
655	458	3	887426407
887	72	4	881381471
741	204	4	891018266
668	289	2	881523929
747	606	5	888638958
841	307	5	889067152
643	132	5	891448265
601	436	4	876350230
784	313	5	891386988
938	313	5	891349471
731	521	1	886184682
446	307	3	879786892
339	396	4	891036316
629	173	5	880116847
756	274	3	874829637
42	655	3	881107642
275	380	3	876198328
782	876	2	891498267
932	614	4	891280138
749	414	4	878848189
413	327	3	879968933
171	270	4	891034835
564	1025	2	888718443
536	79	4	882359813
491	513	5	891189306
357	121	5	878951576
541	1047	2	883866173
655	11	2	887427307
194	204	4	879522324
307	161	3	879205470
901	12	5	877132065
754	118	2	879451775
336	1	3	877759342
748	495	3	879454687
795	209	5	880587862
894	690	4	879896200
489	885	4	891448861
127	230	5	884364866
445	257	2	891199945
929	31	2	880817708
836	611	5	885754096
505	132	5	889333598
514	655	4	875462568
650	218	3	891370065
654	196	5	887864757
802	263	1	875985032
918	640	3	891988163
851	301	3	890343401
655	467	3	887523790
541	140	5	883874682
870	38	3	879714608
43	257	4	875975276
234	106	4	892336322
763	462	5	878921529
834	255	3	890862940
621	7	4	880738353
922	249	3	891455250
474	924	4	887915600
608	204	4	880405527
622	588	4	882592246
790	709	3	885156686
504	187	3	887840559
368	559	3	889783562
864	780	2	888892968
883	1591	3	891695570
344	1048	3	884899815
10	414	4	877891966
880	746	4	892959246
533	226	4	879191621
13	903	3	890704759
500	60	5	883874557
518	129	5	876823804
588	206	4	890025023
328	903	3	893195755
554	245	3	876231229
759	937	4	881476756
472	367	5	892790953
788	223	4	880868181
339	218	3	891034810
643	674	3	891449901
313	237	2	891016757
886	388	1	876033850
210	163	3	887730407
577	102	4	880475043
666	1071	3	880567771
543	160	3	874863803
870	1112	2	879714902
881	472	4	876537285
715	227	3	875964272
907	825	3	880159404
805	106	5	881695968
378	96	4	880055740
910	245	2	881420474
13	911	2	892015141
835	543	5	891033232
488	191	3	891293974
868	150	5	877103834
749	1615	4	878847076
893	1	5	874827725
814	665	4	885411204
536	8	5	882359047
244	58	3	880605438
269	604	3	891448895
862	117	5	879302844
660	183	2	891199499
77	519	5	884752874
223	1284	1	891550295
871	213	3	888193386
299	515	4	877877691
868	195	2	877104212
630	323	4	885666237
321	704	3	879440423
896	515	3	887158029
804	748	4	879440700
845	268	3	885409374
720	286	5	891262635
738	203	3	892958137
663	1017	2	889492679
869	284	1	884491966
727	199	4	883710288
13	569	2	882396955
894	344	4	887825614
120	127	4	889489772
868	178	5	877103714
389	1168	3	880088717
932	497	5	891249933
550	1	3	883425913
934	177	3	891192623
792	1	4	877910822
562	135	5	879196075
639	213	5	891239528
90	511	5	891384476
464	299	4	878354791
306	19	5	876503995
749	223	4	881602704
843	563	2	879443545
846	493	5	883947590
751	302	4	888870893
600	232	3	888451839
719	58	3	879360933
867	289	5	880077950
448	302	5	891887337
854	55	4	882814467
150	150	3	878746824
923	472	4	880388547
814	56	3	885410957
408	327	5	889679982
932	1184	3	891250169
435	721	4	884132072
451	335	4	879012721
260	334	5	890618729
503	503	3	880472250
862	982	4	879303622
897	172	4	879990466
395	286	4	883762088
782	1302	3	891500028
916	824	3	880843838
894	355	3	889469028
854	483	4	882813691
931	237	3	891036552
82	241	3	878769992
893	405	5	874828864
344	762	3	884900391
458	519	4	886395899
882	235	3	879863560
738	423	4	875350223
629	137	5	880117001
918	428	5	891988001
580	147	3	884125658
655	980	2	888984354
910	288	3	884229224
851	291	4	875730244
790	208	3	885156014
711	1170	3	879993842
919	270	4	885059422
774	118	1	888558594
721	327	2	877136967
862	179	5	879304410
90	275	5	891383626
311	96	5	884365653
890	427	5	882405586
533	169	4	879438543
896	152	3	887160116
869	50	4	884490892
807	8	4	892528374
97	69	5	884239616
851	685	4	875731022
942	261	4	891282673
615	427	5	879448475
694	1269	5	875726793
826	449	4	885690819
919	1047	3	875289697
187	707	5	879465882
283	1009	3	879297867
887	832	2	881379059
618	183	4	891307494
757	222	4	888444400
537	289	1	886029153
709	441	4	879848239
848	633	3	887043040
903	1008	3	891031505
885	233	3	885715889
450	347	4	887047775
13	288	1	882396790
624	127	4	879792322
483	283	5	878952582
843	95	2	879446716
907	282	4	880158939
305	475	4	886324199
886	71	4	876032274
899	25	3	884120249
897	951	3	879991186
618	159	3	891309670
299	480	4	878191995
693	216	4	875484613
667	238	3	891035140
201	1426	2	884114015
608	182	4	880403484
210	655	5	887730496
808	313	5	883949986
409	1541	4	881107992
347	926	1	881654846
824	322	4	877021044
938	240	2	891356847
913	265	4	880757553
708	150	4	892719246
922	216	3	891448115
930	121	4	879535392
377	689	3	891297256
276	586	3	874977512
914	387	3	887124121
881	678	2	876535695
881	178	3	876537512
511	300	4	890004658
921	720	4	879381128
500	532	4	883865952
495	511	4	888634536
532	980	4	884594911
918	204	1	891987317
664	367	3	876526152
661	175	2	888299899
790	248	4	884461888
158	651	5	880134296
435	527	4	884130995
833	432	4	875132134
465	48	3	883530313
868	419	3	877103449
381	307	2	892697959
347	418	4	881654134
417	203	4	879646915
524	521	4	884636182
782	252	3	891499469
758	144	4	881975267
210	969	4	887730221
932	967	4	891251331
11	401	3	891905324
716	22	5	879795159
437	13	4	880141129
319	358	3	889816233
645	319	3	892051708
915	1038	2	891030070
940	289	3	884801144
541	946	5	883874749
508	710	4	883777071
840	272	4	891202756
760	928	1	875666242
782	1666	2	891500194
815	665	2	878698525
913	237	4	881725960
886	746	3	876032473
788	620	3	880871088
316	162	3	880854472
508	524	5	883767608
880	222	4	880166990
406	629	3	880131977
286	232	4	877534701
733	220	2	879544411
896	872	3	887157322
450	230	4	882371732
768	471	3	880135875
457	371	4	882398275
446	879	3	879786691
846	230	3	883948720
896	174	5	887161710
846	716	3	883949508
943	232	4	888639867
619	181	4	885953778
864	1217	3	888889327
487	380	2	883531466
505	123	3	889333894
887	1473	1	881379522
913	98	4	881725761
707	1120	4	880060974
339	639	4	891034115
416	542	1	886317599
754	328	3	879450984
708	713	4	877325316
577	568	3	880475021
582	547	4	882961608
788	164	3	880870115
702	230	4	885767774
786	423	5	882843150
592	116	4	882608182
700	28	3	884493712
851	121	4	874728565
823	1	4	878438206
904	628	3	879735362
665	631	2	884294459
399	419	3	882343327
713	344	5	888882276
816	355	2	891711472
922	56	1	891447628
619	685	3	885953850
801	300	5	890332748
896	182	4	887157924
804	227	4	879443136
537	753	2	886030622
655	1186	3	888984538
807	684	5	892529851
532	304	5	893118711
901	196	4	877288864
863	682	3	889289491
890	135	5	882405546
293	173	5	888905550
672	109	4	879788774
889	1006	4	880181563
933	577	1	874938705
62	466	3	879374785
846	426	1	883949046
788	657	4	880868277
803	242	5	880054592
661	181	5	876015607
863	872	2	889289240
709	192	4	879846705
666	175	4	880567612
875	71	2	876465336
682	108	3	888521564
899	265	4	884122087
788	1518	3	880871394
453	85	3	877561301
757	271	3	888443307
437	1063	5	880141661
417	343	2	886186253
896	217	2	887161198
889	696	3	880177407
454	632	3	881960145
722	471	4	891281020
901	168	4	877131342
834	288	5	890860566
791	181	5	879448338
619	195	5	885954019
896	880	4	887235664
683	472	3	893286550
798	423	3	875639864
790	411	3	884462929
13	158	1	882142057
177	748	3	880130534
7	341	3	892333206
881	483	4	876537418
786	125	4	882841745
646	349	2	888529127
880	140	4	880243001
84	4	3	883453713
787	1434	1	888979657
897	177	5	879990465
942	427	5	891283017
270	219	5	876956389
846	415	2	883950605
901	498	4	877131990
60	237	4	883327442
920	347	4	884220131
102	947	3	888801360
479	480	5	889125737
870	447	4	879713953
699	1187	4	879148051
919	298	3	875288983
823	111	4	878438206
334	246	4	891544952
230	174	5	880484661
286	41	2	877535323
682	542	2	888523227
392	589	4	891038946
854	358	2	882812001
618	420	3	891309163
864	137	4	878179514
758	152	5	881975853
291	592	3	874834895
59	219	5	888206485
567	187	5	882425673
889	240	3	880177246
851	1028	3	875730686
485	301	2	891041551
892	284	5	886610840
764	294	3	876233213
357	1048	2	878951217
425	190	3	890347085
756	53	3	874830432
532	1428	4	874791420
663	151	3	889492841
487	248	1	883443504
298	121	4	884126202
748	180	4	879454958
850	742	5	883195214
436	435	4	887769256
932	229	4	891251063
405	4	4	885547314
593	153	5	875671107
58	121	2	892242300
798	486	4	875639889
766	367	2	891309878
47	303	4	879439112
621	65	3	885596944
747	483	5	888639318
347	282	5	881652590
805	769	2	881695999
450	372	4	882396245
931	678	3	891036247
774	168	1	888555964
922	395	4	891452879
727	260	1	883708265
654	381	3	887864886
739	603	4	886959069
930	148	1	879534886
894	264	3	879896309
455	568	4	879112298
897	409	4	879993553
482	245	4	887643461
805	225	1	881705892
737	187	5	884315175
620	174	5	889988121
178	194	4	882826306
894	1315	3	879896985
618	1039	4	891309887
308	479	5	887738346
899	435	3	884122450
623	286	2	891032107
541	254	3	884046953
776	438	2	892920506
933	523	4	874853957
935	846	4	884472999
833	405	3	875038395
654	1165	1	887864146
913	234	4	880825443
647	15	4	876532975
942	487	4	891282985
896	97	4	887158265
416	846	3	878878779
851	892	2	886534635
836	134	3	885754096
840	143	4	891209490
897	603	5	879991666
747	625	3	888640648
533	549	4	879439340
240	242	5	885775683
425	217	1	878738914
312	661	5	891698726
887	871	5	881378325
378	183	4	880331829
916	82	4	880845772
877	83	3	882677085
881	129	4	879052141
807	173	3	892528285
625	484	4	891262783
368	7	4	889783365
839	1085	5	875752877
889	952	3	880178411
655	461	2	887427130
886	5	3	876032929
655	240	3	887650538
822	272	3	891033683
222	100	5	877563052
694	1020	4	875728345
718	405	5	883349384
789	1008	4	880332365
275	473	3	880313679
711	272	5	884485798
840	632	3	891204296
26	271	3	891348070
102	384	2	892993827
863	690	4	889289067
727	233	4	883713473
145	271	4	885557660
419	191	4	879435590
26	291	3	891379753
669	222	3	892549434
889	39	2	880181191
577	1044	4	880475504
556	323	2	882136058
637	244	1	882903645
799	690	3	879253668
733	1114	3	879535603
788	193	4	880868235
846	721	4	883948719
200	380	5	884129381
174	11	5	886439516
355	1233	4	879486421
592	92	5	882956358
795	568	3	883251659
907	828	5	880159361
852	405	3	891037262
793	456	3	875104752
647	1014	3	876531583
327	324	3	887743644
682	551	2	888522977
859	955	5	885776352
464	257	4	878355088
936	285	4	886832221
385	215	2	879442559
897	69	5	879990396
911	423	4	892840837
128	633	4	879967729
748	425	4	879454773
236	28	4	890116539
72	654	4	880037461
538	137	3	877108372
883	1041	3	891694603
846	479	4	883947694
474	186	4	887925977
642	472	5	885607081
435	179	5	884131085
889	212	2	880181225
647	237	3	876776320
4	359	5	892002352
907	125	4	880159259
760	841	3	875666421
627	22	5	879530205
435	298	4	884134500
597	326	1	875339083
145	228	4	885557660
870	1042	2	879902127
868	219	2	877107817
279	193	2	875307407
568	79	4	877907782
562	385	2	879196483
864	184	4	888890775
822	410	1	891039486
387	29	1	886483252
782	1016	3	891499321
929	419	4	880817844
764	280	4	876244181
551	128	4	892783829
758	955	2	881977021
887	410	4	881378040
693	229	2	875483435
119	28	5	874782022
650	152	3	891382138
717	126	5	884642580
887	258	1	881377893
929	134	4	880817752
316	462	3	880853516
79	515	5	891271792
807	121	4	892529278
481	198	4	885828686
303	293	4	879544515
630	153	3	885668277
356	322	3	891406289
907	472	5	880159360
790	235	1	884462551
889	475	4	880176896
465	528	3	883530190
790	417	2	885156538
535	427	4	879618246
492	514	3	879969415
919	937	4	875920627
653	229	3	880153145
268	143	2	875310116
932	709	4	891251395
709	747	2	879848925
645	173	4	892053748
660	474	2	891200037
661	174	5	876013447
838	300	2	887060778
642	427	3	886132043
592	87	4	882956467
618	770	2	891309756
665	69	5	884293475
500	121	3	883865611
821	509	5	874793574
621	879	4	880227012
886	22	4	876032378
721	174	5	877139015
632	99	5	879458941
222	54	4	878183111
907	301	4	880158537
102	447	4	888803002
764	276	3	876752289
595	288	3	886920602
474	197	5	887923788
806	82	4	882389179
823	428	5	878438511
669	329	1	891182771
870	90	4	875680668
295	144	4	879518166
625	210	3	892054095
909	275	5	891920166
865	845	1	880144123
222	188	3	878184393
537	699	4	886031149
574	346	4	891278962
896	798	2	887160983
711	121	1	876185726
752	316	3	891208329
588	1061	5	890024876
840	611	4	891204509
321	511	4	879440954
886	96	3	876031392
488	478	3	891294530
766	183	4	891309484
345	385	3	884993418
532	313	5	884594326
85	281	3	879452971
783	872	4	884326545
690	585	2	881177970
787	898	3	888979182
94	673	3	891721615
788	12	5	880868919
780	497	2	891364059
665	274	3	884290408
568	30	4	877907877
332	1157	4	888360532
823	217	3	878439655
806	153	4	882388658
354	724	2	891307114
508	204	3	883767510
653	508	3	886052198
862	1110	5	879305386
374	153	5	880395487
911	1203	4	892838357
790	274	3	884461950
741	265	5	891455735
99	172	5	885679952
450	181	4	882372103
833	302	3	884828670
710	180	4	882063736
741	194	4	891457242
474	611	4	887925395
637	1033	3	882904233
883	172	4	891696824
753	527	4	891401510
913	465	2	880826366
715	7	3	875962110
751	578	4	889298174
897	588	4	879990877
938	125	3	891356742
13	370	1	882396984
664	655	3	876524097
889	1170	2	880182127
741	1152	3	891458597
844	210	4	877386928
303	403	5	879468274
758	751	4	882597651
569	257	4	879794302
908	185	4	879722822
593	732	3	875660850
95	431	3	879196629
14	195	5	890881336
919	50	3	875288570
751	87	5	889297927
886	732	3	876032029
644	330	4	889076173
885	949	4	885714452
726	249	1	889832422
907	86	5	880160162
543	61	4	875659098
698	204	2	886366770
329	1011	3	891655981
782	1138	2	891499699
931	476	3	891036974
560	458	3	879976731
716	479	4	879796010
790	122	2	884462954
939	106	3	880262019
372	1090	5	876869878
399	665	3	882345408
453	215	3	877554419
804	411	3	879443776
768	476	4	883834705
792	9	3	877909631
487	809	2	884050192
500	117	4	883865755
642	628	3	891317897
854	303	3	882811810
903	845	1	891031450
774	411	1	888558853
942	323	3	891282644
727	207	5	883710889
833	573	1	875223976
409	115	2	881108777
699	309	3	882000505
551	508	4	892783366
711	959	5	879995322
794	248	4	891036463
781	403	4	879634340
758	802	3	881978572
883	9	4	891717495
682	232	3	888519408
793	597	3	875104565
890	183	3	882404917
840	566	5	891209285
393	96	4	889555434
166	688	3	886397855
917	740	5	882912385
766	602	4	891310038
416	265	5	893213796
548	696	4	891415912
615	26	4	879448233
158	978	3	880133937
751	79	4	889132776
643	273	3	891445287
92	732	3	875812841
252	847	4	891456738
641	1194	3	879370299
880	1059	4	880166939
731	170	5	886179040
567	223	4	882426508
436	423	4	887769992
190	100	4	891033653
721	720	5	877138395
868	455	5	877103410
855	531	3	879825614
897	871	3	879993519
804	84	3	879445933
693	144	4	875483847
493	358	4	884129979
880	12	5	880175622
919	202	3	875373582
886	150	4	876031656
735	245	3	876698022
655	636	3	888475015
537	175	4	886030966
710	172	4	882064283
19	8	5	885412723
668	882	3	881523929
551	34	4	892778336
731	127	4	886179415
45	278	3	881014550
905	150	4	884984148
385	198	3	881128357
608	517	4	880403856
806	228	4	882389230
819	340	5	879952627
768	248	3	883834705
664	14	4	878090764
870	443	3	882123736
374	79	4	880394997
773	1	3	888539232
643	72	4	891449301
916	1113	4	880844897
686	192	5	879545340
487	689	1	883441407
418	300	3	891282656
472	403	5	875982200
642	35	2	886570027
909	531	4	891920166
833	198	4	875123677
295	951	5	879517893
606	281	4	880922148
921	1047	1	879380015
665	410	3	884291165
805	269	5	879971251
854	829	2	882813287
83	248	3	883868788
885	356	3	885714317
49	54	2	888068265
627	431	4	879531302
864	238	5	888890432
442	188	3	883390782
367	268	4	876689364
851	916	3	891961195
796	187	5	892662904
707	603	3	886286926
796	821	4	893047126
115	684	3	881171489
689	50	5	876676397
847	948	1	878774764
657	273	3	884239566
54	634	1	892681013
269	939	2	891448177
363	770	4	891497174
560	301	3	879975116
119	194	5	874781257
941	147	4	875049077
921	72	4	879380806
795	403	3	883250829
869	1134	1	884492445
828	1672	2	891037722
896	228	5	887158266
903	91	5	891033005
653	802	2	880153040
807	554	4	892684529
637	181	4	882902540
786	222	4	882842044
627	228	4	879531301
432	15	4	889416456
239	483	5	889179253
704	22	2	891397441
159	299	3	893256013
627	180	5	879529794
896	765	4	887160750
385	55	2	879441728
938	988	3	891356282
606	293	5	878143605
524	559	3	884637067
640	174	5	876067863
806	2	3	882389862
708	685	3	877326158
713	327	2	888882085
271	203	4	885848448
903	521	5	891033781
693	96	4	875483881
890	101	2	882915661
695	682	1	888805952
235	524	5	889655204
438	284	2	879868308
844	511	3	877387825
654	408	5	887863381
667	79	3	891034930
346	79	5	874948105
336	257	4	877759730
610	187	4	888703213
573	216	4	885844674
647	203	3	876776321
757	176	5	888445730
713	286	3	888881939
642	441	1	886569942
862	105	3	879303346
487	231	1	884050940
932	525	5	891250418
918	419	3	891987622
542	202	3	886532314
870	69	4	875050603
499	208	4	885599718
854	134	4	882813825
802	567	4	875985976
524	476	3	884628212
14	430	5	879119692
405	1019	1	885549465
896	161	3	887159302
130	1142	4	874953595
13	310	4	881514683
727	1437	2	883713082
644	298	4	889077513
857	687	1	883432470
826	576	4	885690900
836	657	5	885754096
894	129	4	880416253
95	234	2	879197886
503	13	3	879438377
905	7	4	884984329
935	127	4	884472086
790	209	1	885155540
752	904	4	891207845
843	28	3	879446977
838	100	4	887063994
530	255	4	886198864
934	197	5	891192041
790	186	3	885156165
316	716	5	880853881
850	480	5	883194810
942	615	3	891283017
918	923	4	891987317
49	820	1	888067164
805	105	2	881705238
504	176	3	887837739
940	96	5	885921265
924	1036	2	886759690
892	472	3	886610523
773	221	2	888540448
875	692	2	876465230
932	1397	4	891250793
13	172	5	882140355
523	407	4	883702800
130	373	4	878537681
570	879	2	881262795
774	1017	3	888558829
856	750	5	891489250
677	1049	3	889399139
159	130	1	880557322
798	289	3	875286981
843	135	5	879449177
11	28	5	891904241
924	300	2	884337243
931	1152	4	891037177
555	318	4	879975419
693	298	3	885703740
756	71	3	874828391
624	928	3	879793511
758	748	1	880672522
828	382	3	891037639
863	313	5	889288910
832	873	2	888259984
928	333	3	880937258
308	654	5	887736881
850	494	3	883195168
892	5	4	886611354
586	569	3	884060807
851	352	1	890343544
923	148	4	880387474
897	455	3	879993772
92	111	3	875641135
697	820	3	882622373
839	532	3	875752560
822	432	3	891037394
346	164	3	874948824
881	443	5	876539448
639	451	4	891239529
846	168	5	883947737
911	238	2	892839970
738	434	4	875351872
566	523	4	881649622
916	53	4	880844834
629	416	4	880117813
929	515	5	878402162
886	1074	2	876033645
650	550	3	891381661
716	1020	5	879795314
537	1400	2	886031678
495	225	4	888635524
454	972	2	888267128
823	762	4	878439557
13	722	3	882399528
695	895	1	888805864
447	15	1	878854481
579	435	5	880952038
913	789	4	880946415
682	2	3	888522541
592	69	5	882956201
856	310	3	891489217
299	481	3	877880566
541	79	5	883871524
804	206	3	879445440
825	984	5	884642187
877	538	4	882676533
700	222	3	884493899
655	1022	3	887424948
606	568	4	880923988
452	83	3	885490812
610	750	4	888702841
532	1312	4	888631036
873	294	4	891392303
821	79	5	874793517
664	1109	4	876526555
407	95	3	875045190
790	931	2	884462105
712	210	5	874730293
894	147	3	880993709
859	368	3	885775880
478	202	4	889396256
757	91	4	888467309
500	727	2	883875041
749	210	4	878848587
831	270	4	891354000
733	534	3	879544377
747	418	5	888639102
901	71	4	877131654
678	15	3	879544449
912	154	4	875966027
805	742	3	881695872
796	659	3	892662482
276	472	3	874787109
894	326	3	879896168
668	269	5	881523612
940	194	5	885921953
904	66	4	879735641
889	403	3	880179868
406	521	3	882480511
908	181	3	879722754
932	179	5	891249239
529	327	4	882535353
890	85	1	882917090
370	427	5	879435146
918	137	5	891987879
933	470	4	874854611
522	200	4	876961314
697	270	5	882622481
860	245	3	880829225
623	525	4	891034294
883	270	4	891691436
320	625	4	884751439
444	286	2	890246847
655	459	2	891408204
90	268	4	891382392
897	222	4	879993042
835	23	4	891035310
285	319	3	890595523
639	311	3	891238599
504	174	4	887909455
823	150	4	878438058
314	787	2	877889927
886	186	4	876033460
703	764	2	875242885
7	365	4	891353744
854	616	4	882813877
846	786	4	883949771
560	928	3	879977062
181	1382	1	878962168
633	921	3	875324812
621	1228	3	880740296
843	77	2	879443975
916	506	3	880844728
916	1206	2	880845543
42	969	5	881107687
826	373	3	885690900
690	780	4	881177910
627	7	5	879531158
894	283	3	880993490
174	384	1	886515121
638	168	4	876695714
933	63	2	874938563
913	179	3	881368269
881	15	3	876536241
894	336	3	879982820
541	378	5	883864908
807	511	5	892705391
392	510	4	891038979
660	318	3	891199133
901	228	5	877131045
766	72	2	891310704
429	200	3	882386333
112	333	4	884992566
62	511	4	879373586
778	451	1	891234405
741	790	3	891457456
919	204	4	875921396
928	1007	5	880937163
523	874	4	883699869
844	56	4	877386897
927	380	5	879196283
828	198	4	891036492
796	155	5	893047241
181	333	3	878961227
374	273	2	880392747
584	227	4	885774172
216	416	3	880245165
702	879	1	885767604
897	451	4	879991607
707	1401	3	886286663
522	135	5	876960824
766	182	4	891309053
116	1256	1	876453222
422	248	3	875130100
797	988	1	879439230
875	1422	3	876465274
505	69	3	889333974
571	1039	3	883354760
868	449	3	877113540
380	498	4	885478738
686	197	5	879545814
491	116	5	891185209
137	685	5	881433296
896	431	3	887159262
798	1023	3	875295772
497	83	2	878759898
644	457	4	889076502
930	8	3	879535713
488	418	3	891294530
385	954	4	879446235
896	1284	2	887160958
495	521	5	888632219
632	720	3	879459025
727	62	3	883712603
87	433	3	879876702
110	722	3	886989028
773	655	3	888539347
601	118	1	876347320
38	406	2	892434251
436	81	3	887770244
899	496	5	884121379
621	95	4	880739654
574	100	5	891279712
935	717	4	884472872
642	931	4	885606857
389	134	5	879991045
385	205	2	879443253
943	1067	2	875501756
666	118	3	880313903
639	655	3	891239406
498	109	3	881955189
588	8	5	890023557
536	10	4	882318772
256	64	5	882164231
875	504	5	876465275
868	240	5	877107373
774	449	1	888557482
920	331	3	884220094
690	4	3	881177459
690	451	4	881177910
883	147	2	891717419
715	433	2	875963082
867	511	5	880078371
832	258	3	888258960
7	179	5	891352303
776	184	4	892920381
711	197	4	879993110
538	188	4	877108195
924	526	3	886327826
632	227	3	879459025
934	297	5	891189969
916	17	4	880845135
764	1028	4	876244181
764	220	3	876243925
773	1018	3	888539095
763	1065	5	878915559
763	174	4	878919019
790	217	4	885158459
374	4	2	880395924
145	1041	5	875272987
472	366	4	892790952
286	401	1	877535446
864	1047	3	888888680
309	879	4	877370319
730	7	4	880310352
545	450	2	883115718
860	1602	3	893009852
125	1271	2	892839021
724	327	4	883757670
551	824	1	892784629
158	302	4	880132193
831	117	3	891354970
734	213	5	891022684
880	1423	3	880175577
665	240	5	884291271
908	322	2	879722169
817	245	2	874815789
567	50	1	882426246
894	479	5	879897198
102	11	3	888801232
908	69	3	879722513
451	334	3	879012648
747	98	5	888639480
790	117	5	884461283
329	186	3	891656268
44	157	4	878347711
514	208	4	875463494
669	915	3	892549178
878	531	2	880866564
830	226	5	891561806
846	609	5	883949199
774	175	3	888555897
823	175	4	878438457
868	436	3	877104913
881	477	4	876536107
393	141	2	889729537
804	260	2	879440787
13	275	3	886303585
688	349	5	884153712
897	484	3	879991341
854	1061	1	882813421
456	258	4	887165802
936	340	4	886831535
759	275	4	875227858
795	1101	4	881528779
905	321	4	884983463
670	417	4	877975129
109	63	3	880582679
841	300	4	889066780
230	56	3	880484416
753	242	4	891399477
904	778	3	879735678
539	496	3	879787985
479	193	3	879460939
796	949	4	893047460
867	216	3	880079043
921	471	2	879379821
889	94	4	880181646
896	216	5	887159658
796	396	2	893218621
861	382	5	881274780
681	328	3	885409810
841	358	1	889067348
758	890	3	880672552
883	250	3	892439468
721	243	3	877137527
829	100	4	881086893
665	687	2	884290143
280	173	3	891700453
593	1221	3	875671982
932	570	4	891251178
724	347	4	883757670
832	323	3	888259984
734	275	4	891023019
472	1079	4	883904360
722	508	4	891281020
94	403	3	891723188
798	225	4	875637487
498	663	4	881956363
495	183	5	888633277
79	276	3	891271957
717	831	3	884642958
532	367	5	893119439
774	122	1	888558924
870	550	3	879714310
228	812	5	889388547
262	58	3	879792452
790	1039	3	885155490
838	405	4	887064589
680	318	5	876816106
845	1399	3	885409493
942	347	5	891282396
835	357	5	891033232
671	88	4	884036846
529	264	2	882535820
280	673	4	891701223
787	1024	2	888979606
902	134	3	879465523
865	24	4	880143612
640	1067	4	876068799
654	1283	1	887863779
918	289	2	891988559
653	719	3	880153841
561	1039	3	885807612
835	612	4	891033927
916	655	3	880844350
727	70	5	883710856
588	561	3	890027780
790	15	5	884461413
865	101	1	880235099
907	147	5	885862325
764	227	4	876246358
882	932	4	879863969
648	291	3	882211736
919	57	5	875373621
409	1512	5	881106947
538	199	5	877364067
334	137	2	891544953
397	182	5	885349759
254	496	4	886471982
699	275	3	879148201
585	170	5	891282573
666	46	4	880139348
891	531	4	883430128
590	546	1	879439538
804	237	4	879443709
788	64	5	880868005
80	79	4	887401407
727	1222	1	883713574
774	367	2	888556047
782	1013	3	891499439
298	427	5	884127369
716	497	3	879795949
727	1249	3	883711991
506	525	4	874876486
881	755	4	876538922
707	736	4	886286311
882	496	5	879866320
653	1016	3	890181186
566	69	4	881650108
872	310	4	888478698
512	50	5	888579997
921	288	3	879379265
648	758	2	884795447
736	293	4	878709365
864	250	3	891044057
505	98	4	889333792
922	227	4	891447777
561	772	4	885808715
450	627	3	882396489
859	928	3	885775473
738	1047	3	875351872
588	385	3	890023557
435	91	4	884131597
434	974	5	886724940
406	433	3	880131791
5	239	4	875636655
758	184	5	881974823
872	118	4	888479560
796	1407	3	893049362
595	826	1	886921819
841	271	4	889067216
754	117	4	879451626
308	1140	4	887740933
627	550	1	879531352
875	181	4	876465335
727	358	2	883708462
727	567	2	883713388
592	55	4	882956067
922	588	4	891448580
487	399	5	884046800
805	1017	3	881704337
892	12	5	886608022
880	346	5	892958128
102	234	3	888802940
869	756	1	884492780
897	195	5	879991137
752	539	4	891208357
851	331	3	877830970
830	627	3	891561541
896	1	4	887158579
896	479	3	887158713
910	293	4	880822060
823	419	4	878438780
606	249	3	880922503
828	1622	1	891038060
800	276	3	887646245
648	1030	2	884882552
903	317	4	891033808
298	546	3	884184098
851	1277	2	875730418
862	141	4	879305237
860	716	2	887754411
834	127	5	890862412
566	121	3	881650755
428	894	4	885943955
625	216	4	891262899
794	150	4	891034956
861	83	5	881274672
647	357	5	876534131
405	205	3	885546025
514	1074	4	876067623
116	300	3	876452094
894	558	5	882404250
815	433	3	878695199
734	742	4	891025958
694	526	5	875729431
422	185	4	879744015
898	300	2	888294375
526	294	3	885681982
488	15	4	891294568
927	15	5	879177509
488	197	2	891294473
751	1140	2	889299503
133	306	4	890588612
910	23	4	881421332
817	24	4	874815947
864	1	5	877214125
64	480	3	879365619
889	153	5	880181317
621	625	4	874965299
10	518	4	877886722
694	582	4	875728801
896	134	5	887159109
119	298	4	874775038
76	1154	5	878100710
878	8	3	880866288
888	269	5	879364981
790	742	4	884461541
763	518	4	878919180
293	11	3	888905898
641	338	3	879369958
918	211	2	891987752
112	328	4	884992566
339	506	4	891033766
660	568	3	891199182
109	1245	2	880571872
934	151	3	891189401
727	80	4	883713454
627	195	4	879531301
456	382	1	881374710
934	202	5	891193132
846	530	5	883948606
790	65	4	885155846
881	449	3	876539549
854	135	4	882813933
389	67	2	880614340
324	285	4	880575412
690	1090	3	881180138
521	568	3	884478101
117	132	4	881012110
749	80	1	878850533
85	270	3	890255063
639	519	4	891239380
635	879	3	878878866
453	99	3	888205588
649	24	4	891440460
854	244	3	882812826
756	181	4	874831383
919	1315	2	875289611
387	516	3	886482928
633	328	4	875324298
870	219	2	879714351
729	322	4	893286637
851	1047	3	874789005
699	523	2	878883038
435	203	4	884131434
378	47	4	880055984
283	100	4	879297160
234	694	3	892079040
472	222	5	876882530
893	471	4	874828897
536	94	4	882363972
587	888	3	892871563
524	661	3	884637467
541	63	3	883866049
932	379	2	891251798
889	70	3	880180979
781	187	5	879633976
868	156	3	877103834
747	31	4	888639222
305	86	4	886323757
633	958	3	877210979
638	96	4	876694917
907	740	5	880158960
49	62	2	888069660
796	89	5	892662222
64	655	4	889739243
774	228	4	888557237
919	168	1	875373074
918	275	4	891987176
711	660	5	879994825
929	188	4	880817728
745	510	3	880123720
183	274	5	892323452
890	271	3	882404055
660	328	3	891197585
38	940	1	892434742
921	181	5	879379562
763	39	4	878918360
898	324	4	888294621
564	245	4	888718546
707	88	3	886287331
916	39	4	880845011
474	318	5	887923708
655	1516	3	887474630
922	63	3	891449363
325	469	4	891478504
777	42	5	875980670
535	389	4	879619177
293	513	5	888905990
939	258	4	880260692
846	565	2	883950712
579	520	4	880951708
894	1313	3	889229605
907	181	4	880158692
896	504	3	887159926
711	86	5	886030557
878	1065	1	880871600
907	287	4	880158913
151	385	3	879542775
923	456	4	880388562
365	237	3	891304278
472	125	5	875979041
711	202	4	879993194
64	258	3	879365313
773	427	3	888540484
655	428	3	887428157
478	68	1	889396582
314	808	4	877892052
851	696	3	874728338
64	28	4	889737851
476	746	3	883364295
542	420	3	886533587
709	53	3	879848272
82	170	4	878769703
637	847	3	882903191
864	218	4	888890316
804	211	4	879444805
435	919	5	884132184
864	47	5	888887502
452	514	3	875261350
804	768	3	879445493
825	116	3	880755693
921	87	2	884673673
592	71	4	882956668
921	728	3	879381299
521	520	3	884477585
892	481	5	886610011
798	485	5	875639784
682	627	4	888523171
644	117	4	889077418
896	708	2	887159926
165	156	3	879525894
890	479	5	882402238
890	515	5	882402518
766	705	4	891309668
624	319	3	891961140
831	315	3	891353915
708	125	4	877325601
889	1011	3	880177287
506	945	4	874874585
711	301	4	889910848
655	236	3	887426407
13	777	1	882397084
519	333	3	883248089
880	22	4	880167695
825	925	4	880756904
64	718	4	889739243
889	67	2	880182541
716	203	4	879796311
883	707	3	891693139
851	271	5	883148692
877	170	5	882677012
715	1	5	875961843
911	383	3	892841094
798	756	3	875296109
63	276	4	875747265
871	197	3	888193385
758	436	3	881978572
796	258	4	892611840
474	294	3	887916330
76	955	4	882606789
303	405	4	879483802
904	421	5	879735772
532	277	5	893119439
523	451	5	883702441
535	100	5	879617531
807	1089	4	893084724
721	8	4	877154765
682	163	3	888521833
291	575	2	875086699
498	480	5	881960523
782	354	2	891497698
639	48	4	891239295
721	518	2	877140221
493	806	3	884131143
201	640	4	884112029
939	1054	4	880261868
210	79	4	887736352
658	195	3	875148059
934	195	4	891191600
881	228	3	876537995
721	735	4	877141039
421	331	2	892241236
863	879	2	889289123
940	181	3	885921310
642	622	4	886568941
489	269	3	891362740
110	939	4	886988042
823	125	4	878438585
913	144	5	880946236
724	308	1	883757170
851	144	5	875806849
423	620	4	891395711
864	182	3	888886913
804	39	2	879447475
880	826	3	880167551
131	287	4	883681351
661	135	5	876013398
622	213	5	882670009
782	1662	4	891500110
476	732	3	883364250
782	1296	3	891498030
788	7	4	880868559
645	558	4	892053429
918	582	4	891987723
85	519	4	879829265
795	710	3	881265617
936	106	3	886833148
7	629	3	891352526
534	93	1	877807692
877	269	4	882676098
796	628	4	893194740
934	411	3	891190377
290	181	5	880473696
627	792	4	879530501
796	588	5	893218728
846	110	3	883950568
650	118	4	891381546
405	646	2	885546202
861	584	5	881274815
801	333	5	890332885
916	65	3	880845327
889	497	4	880179893
624	898	1	891961380
425	1110	1	878738486
635	15	3	878879346
633	98	4	875324715
796	97	3	892690059
684	1028	4	875810966
109	826	3	880572064
864	588	3	888887289
682	475	3	888521465
533	443	3	879191595
454	313	5	888000454
90	481	5	891384516
399	39	2	882344310
886	941	2	876032072
856	315	5	891489250
788	282	4	880869819
919	1137	4	875289170
17	221	2	885272654
659	693	4	891331417
844	251	4	877381484
792	1047	3	877909798
288	327	1	886373007
916	708	4	880845673
910	117	4	880822012
561	96	1	885809336
48	323	3	879434181
471	420	1	889828027
921	692	4	884673724
780	660	3	891363969
870	649	4	889717102
293	1228	1	888908041
698	173	5	886366652
918	645	4	891988090
682	109	3	888521539
308	501	4	887740099
648	665	2	884882987
606	209	4	880926018
650	482	3	891385775
878	50	4	880865562
837	762	2	875722318
735	242	5	876697561
632	195	5	879459738
476	393	4	883365135
682	451	3	888521637
840	443	5	891209490
295	1297	4	879519529
817	928	3	874815835
541	622	3	883874804
756	860	1	874830068
844	300	3	877381268
883	566	3	891696999
198	201	3	884207897
943	356	4	888639598
883	455	4	891916411
311	69	5	884364999
738	429	3	875353813
782	244	4	891499321
885	208	3	885713406
896	12	3	887158604
798	98	1	875639581
699	243	2	879147597
593	237	4	877728878
291	844	5	874805804
385	874	3	879438975
119	473	3	874775647
417	780	4	880952880
529	309	3	882535353
197	568	4	891410038
834	50	5	890862362
749	685	4	878848137
710	234	4	882064321
719	69	5	879360536
790	364	2	885158161
559	174	4	891035111
568	483	5	877907281
919	327	4	875288304
848	135	4	887038022
305	428	3	886323902
897	66	3	879990973
496	652	5	876065693
15	121	3	879456168
254	269	2	887346935
896	1406	3	887160676
447	737	4	878855907
902	993	3	879465180
796	709	3	892676155
486	301	4	879874113
736	993	4	878709365
562	229	1	879195848
366	288	4	888857598
807	29	4	892530626
774	428	1	888556090
896	233	2	887160631
328	23	3	886036795
843	141	4	879447327
918	433	2	891987082
474	468	4	887926999
498	496	3	881957905
629	210	5	880117689
755	872	1	882569844
725	321	2	876103700
271	148	3	886106165
648	229	4	884882802
867	50	5	880078027
870	10	4	879376967
886	240	3	876031720
683	609	3	893286502
640	827	3	886474833
496	174	4	876066507
886	80	3	876034228
637	245	3	882900047
830	15	4	891561065
848	747	5	887043777
720	313	3	891262608
532	588	5	893119415
229	303	1	891632073
886	187	4	876031309
417	506	4	879647471
405	436	1	885548384
864	210	4	888887469
798	1540	4	875743576
59	42	5	888204841
70	655	4	884150153
184	29	3	889910326
318	482	5	884496156
151	686	3	879525035
804	514	4	879443032
49	717	2	888068651
828	955	3	891379818
831	288	1	891354043
394	141	3	880888815
766	604	4	891309329
321	173	4	879440636
787	904	3	888979182
742	7	3	881335492
932	177	4	891250609
543	466	4	874864094
747	390	4	888640862
868	621	2	877103449
782	1528	2	891499577
889	820	2	880182103
68	127	4	876973969
782	1300	2	891499469
842	344	1	891217835
174	215	5	886514220
864	710	2	888888115
5	425	2	875637440
562	591	4	879196176
913	82	3	881368310
874	276	4	888632484
708	300	4	892718939
932	617	4	891251588
906	696	4	879435758
778	42	5	890670510
798	768	4	876175980
682	849	2	888522699
868	229	3	877111154
823	566	4	878439605
145	240	5	875270764
919	1152	4	875288612
548	978	2	891416122
268	117	4	875742613
733	740	3	879535886
185	47	4	883524249
712	69	3	874730085
864	31	4	888888202
510	299	3	887667681
666	147	3	880313661
916	14	5	880843378
263	135	5	891299877
222	588	4	881059537
916	179	3	880844420
806	176	5	882387798
899	428	4	884122254
457	121	4	882393066
913	127	4	882044440
846	612	5	883949421
181	713	2	878962774
882	427	5	879877026
405	36	2	885546859
391	176	3	877398856
789	508	4	880332169
682	186	4	888521413
643	631	3	891447930
312	813	5	891698516
655	1160	3	888685850
715	42	5	875963112
693	234	2	875483330
618	64	4	891306990
653	428	1	880151580
255	328	2	883215630
634	678	2	877017632
271	649	3	885849510
889	172	4	880177941
582	405	3	882962133
827	750	3	892157198
414	288	5	884999066
721	299	3	877137447
836	170	5	885754200
864	496	5	888887944
786	133	5	882843353
354	896	4	891180527
804	23	4	879442557
541	427	4	883864638
243	699	4	879988397
130	350	4	886023989
894	1226	4	879896920
802	330	2	875985031
535	640	3	879618742
686	214	5	879546651
911	659	3	892838677
435	210	4	884131799
637	283	2	882903822
709	172	5	879848397
42	132	5	881107502
933	231	1	874939031
684	173	3	878761120
864	144	5	888887830
708	149	3	892719246
847	444	3	878940782
708	476	3	892719385
259	172	4	883371882
664	483	4	878091463
324	763	5	880575589
854	257	3	882812877
911	143	5	892840889
751	239	4	889134237
795	118	2	883254314
399	225	3	882345212
823	77	4	878438958
913	1	2	880758579
796	50	5	892660147
880	90	3	880174858
897	228	4	879991607
577	62	3	880475504
868	470	1	877107924
457	222	5	882392853
548	17	3	891044596
474	111	4	887916203
850	181	5	883195419
727	87	4	883710347
865	919	5	880143713
592	302	5	882607325
654	8	5	887864497
933	433	1	874854251
807	435	3	892528690
350	181	4	882346720
72	642	4	880037479
715	248	4	875962280
837	286	4	875721473
699	1093	3	880696051
896	232	3	887160427
345	470	4	884992084
876	19	5	879428354
244	171	5	880606385
883	656	5	891695666
840	88	4	891209241
826	127	5	885690482
569	298	3	879793784
752	259	5	891208451
804	566	4	879444820
648	454	3	884368232
179	916	5	892151064
787	326	4	888979547
726	248	2	889832422
344	529	5	884814668
222	542	2	878183837
788	646	3	880868513
426	663	4	879444604
551	111	5	892783612
898	683	3	888294775
880	173	3	880174780
451	326	4	879012431
749	1028	4	878849149
669	664	4	892550104
608	327	2	880402450
669	96	2	891260392
703	181	5	875242762
565	707	5	891037453
804	510	5	879441346
900	429	2	877833747
878	274	3	880869003
645	89	4	892053483
901	546	4	877127250
805	383	2	881706146
847	7	3	878775647
190	7	4	891033653
924	283	4	884371495
77	527	4	884752853
868	136	5	877104414
880	810	3	880168411
881	11	4	876537752
577	240	3	880470884
881	174	5	876537718
903	223	5	891033354
903	56	5	891466376
586	96	4	884059110
506	71	5	874873068
799	319	4	879253668
757	471	4	888444738
30	751	3	884310551
864	94	4	888891423
773	145	3	888540390
804	89	4	879441524
846	449	3	883950950
645	32	5	892054906
400	748	2	885676411
914	155	5	887124121
184	504	4	889908630
35	264	2	875459099
742	475	4	881335492
119	475	4	874775580
901	144	5	877288015
621	780	4	874962824
697	591	4	882622016
527	640	4	879456464
566	210	4	881650030
585	86	5	891284016
347	106	2	881652813
655	1141	3	888474986
881	134	5	876539260
892	648	4	886607642
645	514	5	892053686
788	630	2	880869355
905	717	1	884984149
749	932	3	878850333
621	173	4	874965407
588	842	3	890015542
667	23	3	891035084
871	511	2	888193177
90	220	4	891385165
708	347	3	892718637
286	929	4	876522098
587	876	2	892871536
484	88	4	891195179
932	652	3	891248893
485	286	2	891040897
655	1635	3	887432079
681	310	3	885409572
846	1029	1	883950859
645	469	5	892054707
295	511	5	879516961
907	821	5	880160008
798	705	4	875638447
720	898	4	891262812
115	772	4	881171273
648	250	4	882211464
643	659	5	891447127
627	523	4	879529767
910	282	3	880821319
782	1160	2	891500150
886	222	4	876032615
629	223	5	880117813
18	137	5	880132437
716	723	4	879796072
896	429	5	887158866
721	199	4	877147323
652	257	2	882567356
628	1296	5	880777096
933	182	4	874854853
798	1411	1	875639656
511	260	4	890004916
484	231	2	891195476
905	326	3	884983034
934	183	2	891190903
503	58	4	880472565
592	325	2	882607647
618	1225	2	891309382
493	134	3	884132246
655	578	2	887488694
13	326	3	882140792
773	13	4	888539471
69	334	3	882125962
641	1039	4	879370337
725	286	5	876106729
655	178	4	887427009
897	200	5	879991434
934	269	2	891188367
374	526	4	880938965
930	651	3	879535574
851	182	5	875731406
741	134	5	891455381
566	11	3	881649962
346	182	5	874948031
885	419	4	885716328
385	2	3	879446786
200	172	5	884128554
831	687	2	891354424
566	631	4	881650605
354	655	3	891217575
505	419	3	889333560
655	1014	3	890103072
548	55	5	891044482
883	462	5	891693085
864	91	5	888887172
489	245	3	891366838
868	412	5	877112001
268	24	2	876514002
823	401	4	878439365
756	258	3	874826502
796	722	3	893047460
643	240	5	891445823
635	328	3	878878752
647	173	5	876534131
923	762	4	880387525
391	1163	2	877399864
933	399	3	874939157
896	196	3	887159173
420	1347	3	891356927
758	301	3	880672427
749	642	2	878848137
645	709	3	892054570
786	102	4	882844096
104	340	3	888441878
756	742	3	874830026
505	259	3	888631208
345	91	4	884993016
417	4	3	879648360
709	808	4	879848645
942	539	3	891282673
749	229	3	878849482
824	289	2	877021044
730	273	2	880310324
804	755	3	879445305
663	693	4	889493732
648	726	3	884882271
892	203	5	886609390
766	8	5	891309329
653	186	5	880151557
460	100	5	882912418
579	69	2	880951868
882	929	1	879863176
539	319	5	879787770
667	269	5	891034444
622	125	3	882590457
9	50	5	886960055
694	52	4	875729667
405	65	1	885546379
903	467	3	891033606
610	352	1	888702795
913	430	2	882544617
716	659	4	879794962
654	154	3	887864797
631	1527	2	888465351
931	245	4	891037024
693	159	4	875483521
856	749	3	891489450
707	1163	4	880060724
773	183	4	888539962
787	302	3	888979123
674	1197	3	887763386
748	181	4	879454455
59	30	5	888205787
802	260	4	875984938
667	962	2	891035164
846	1188	2	883950524
394	651	4	880888223
216	546	2	880233197
913	117	1	882544673
894	691	3	889468982
56	167	3	892911494
727	249	2	883708927
918	1101	4	891987824
294	840	3	889242516
393	451	3	887746995
663	124	3	889492390
721	145	4	877139773
788	55	4	880868876
868	50	5	877103449
435	1014	2	884134515
577	470	5	880475245
896	942	4	887160209
527	187	5	879455999
884	736	3	876859329
659	494	4	891383965
655	1499	3	888685556
899	463	4	884121342
514	419	4	875463468
551	386	1	892785364
784	272	4	891387077
787	1433	3	888979181
524	170	4	884634785
854	293	5	882812102
493	204	5	884130852
394	204	5	880888223
307	433	5	879283625
643	385	3	891449344
840	631	4	891205004
655	1070	4	887474050
796	510	3	892761578
425	898	3	890346705
880	195	4	880167670
456	405	1	881371942
782	935	2	891500150
806	461	4	882388706
392	513	5	891039049
749	100	3	878849052
766	22	3	891309261
721	197	4	877140221
314	365	3	877891465
361	194	4	879440345
698	423	2	886366731
893	724	3	874830160
916	474	4	880844175
544	338	2	884796062
776	656	5	891628678
527	661	5	879456186
796	549	3	893047208
85	1018	4	882995668
675	463	5	889489003
534	148	4	877808198
13	746	3	884538766
942	313	3	891282396
746	183	4	885075165
117	184	3	881012601
682	385	3	888522456
826	397	3	885690854
326	611	3	879875572
562	194	5	879196075
588	1411	1	890032421
712	398	4	874957179
303	401	3	879543003
552	127	4	879221580
843	270	4	879442947
859	1132	3	885775513
756	121	3	874829152
389	485	5	879991081
798	208	3	875639010
314	827	4	877887292
686	209	5	879545550
606	148	3	878150506
941	124	5	875048996
804	423	3	879441371
293	143	4	888906428
648	412	1	884367318
674	257	4	887762641
347	210	4	881653973
773	210	2	888539398
939	689	5	880260636
642	401	4	885606178
724	307	3	883757468
761	1157	5	876189775
883	197	4	891696689
699	283	4	879147032
119	7	5	874775185
405	187	5	885544739
733	124	5	879535213
303	123	4	879468149
370	390	1	879434587
514	209	3	876062951
577	410	3	880471170
936	281	4	886832903
847	1086	4	878775404
92	1216	4	886442386
450	336	3	882370464
880	368	1	880175503
870	218	4	889717102
711	704	4	879993650
833	1012	4	875036418
561	1059	1	885808867
128	416	3	879967367
15	249	1	879455764
338	143	2	879438652
654	98	5	887864641
896	299	1	887235709
823	193	5	878439113
889	1218	4	880178511
806	122	3	882385694
2	289	3	888979353
710	333	3	882063367
94	195	3	885870231
655	1121	3	887428938
711	995	4	879991134
394	672	3	880888540
897	8	3	879990744
926	322	2	888636270
95	215	4	879198109
849	427	4	879695317
479	915	4	893281238
246	447	3	884922714
571	45	4	883354940
936	952	4	886832966
884	582	5	876859351
875	478	4	876465025
922	229	4	891447777
532	491	5	893119491
91	1192	4	891439243
788	174	2	880868316
62	134	4	879373768
699	762	3	878882455
561	379	2	885810428
338	517	5	879438505
290	234	3	880474451
458	762	3	886395065
524	582	3	884635326
530	176	3	886202320
332	748	4	887916385
747	989	3	888638508
533	1048	3	889450842
642	28	5	885603636
883	312	3	891692044
474	655	5	887924083
180	53	5	877442125
871	56	5	888193177
